digraph Tree {
node [shape=box, style="filled, rounded", color="black", fontname=helvetica] ;
edge [fontname=helvetica] ;
0 [label=<remaining &le; 0.5<br/>gini = 0.972<br/>samples = 218<br/>value = [1, 1, 1, 2, 6, 2, 3, 2, 2, 4, 3, 3, 8, 15<br/>6, 10, 3, 5, 7, 8, 4, 4, 7, 7, 1, 11, 6, 4<br/>1, 1, 1, 1, 1, 2, 1, 6, 10, 4, 2, 1, 3, 2<br/>4, 2, 1, 2, 6, 6, 4, 4, 1, 2, 5, 2, 2, 2<br/>1, 2]<br/>class = 1121>, fillcolor="#fcfefb"] ;
1 [label=<password &le; 0.5<br/>gini = 0.974<br/>samples = 205<br/>value = [1, 1, 1, 2, 6, 2, 3, 2, 2, 4, 3, 3, 8, 5<br/>6, 10, 3, 5, 7, 8, 4, 4, 7, 7, 1, 11, 6, 3<br/>1, 1, 1, 1, 1, 2, 1, 6, 10, 4, 2, 1, 3, 2<br/>4, 2, 1, 2, 4, 6, 4, 4, 1, 2, 5, 2, 2, 2<br/>1, 2]<br/>class = 131>, fillcolor="#feffff"] ;
0 -> 1 [labeldistance=2.5, labelangle=45, headlabel="True"] ;
2 [label=<period &le; 0.5<br/>gini = 0.974<br/>samples = 195<br/>value = [1, 1, 1, 2, 6, 2, 3, 2, 2, 4, 3, 3, 8, 5<br/>6, 10, 3, 5, 7, 8, 4, 4, 7, 7, 1, 11, 6, 3<br/>1, 1, 1, 1, 1, 2, 1, 6, 2, 4, 2, 1, 3, 2<br/>4, 2, 1, 2, 4, 6, 4, 4, 1, 2, 5, 0, 2, 2<br/>1, 2]<br/>class = 131>, fillcolor="#feffff"] ;
1 -> 2 ;
3 [label=<when &le; 0.5<br/>gini = 0.973<br/>samples = 190<br/>value = [1, 1, 1, 2, 6, 2, 3, 2, 2, 4, 3, 3, 8, 5<br/>6, 10, 3, 5, 7, 8, 4, 4, 7, 7, 1, 11, 6, 3<br/>1, 1, 1, 1, 1, 2, 1, 6, 2, 4, 2, 1, 3, 2<br/>4, 2, 1, 2, 4, 6, 4, 4, 1, 2, 0, 0, 2, 2<br/>1, 2]<br/>class = 131>, fillcolor="#feffff"] ;
2 -> 3 ;
4 [label=<electric &le; 0.5<br/>gini = 0.973<br/>samples = 185<br/>value = [1, 1, 1, 2, 6, 2, 3, 2, 2, 4, 3, 3, 8, 5<br/>6, 10, 3, 5, 7, 8, 4, 4, 7, 2, 1, 11, 6, 3<br/>1, 1, 1, 1, 1, 2, 1, 6, 2, 4, 2, 1, 3, 2<br/>4, 2, 1, 2, 4, 6, 4, 4, 1, 2, 0, 0, 2, 2<br/>1, 2]<br/>class = 131>, fillcolor="#feffff"] ;
3 -> 4 ;
5 [label=<bill &le; 0.5<br/>gini = 0.973<br/>samples = 180<br/>value = [1, 1, 1, 2, 6, 2, 3, 2, 2, 4, 3, 3, 8, 5<br/>6, 10, 3, 5, 2, 8, 4, 4, 7, 2, 1, 11, 6, 3<br/>1, 1, 1, 1, 1, 2, 1, 6, 2, 4, 2, 1, 3, 2<br/>4, 2, 1, 2, 4, 6, 4, 4, 1, 2, 0, 0, 2, 2<br/>1, 2]<br/>class = 131>, fillcolor="#feffff"] ;
4 -> 5 ;
6 [label=<cash_advance &le; 0.5<br/>gini = 0.971<br/>samples = 154<br/>value = [1, 1, 1, 2, 6, 2, 3, 2, 2, 4, 3, 3, 8, 5<br/>6, 7, 3, 5, 1, 0, 3, 0, 1, 2, 1, 11, 6, 1<br/>1, 1, 1, 1, 1, 2, 1, 6, 2, 4, 2, 1, 3, 2<br/>4, 2, 1, 2, 4, 6, 3, 4, 1, 2, 0, 0, 2, 2<br/>1, 2]<br/>class = 131>, fillcolor="#fbfefe"] ;
5 -> 6 ;
7 [label=<quota &le; 0.5<br/>gini = 0.969<br/>samples = 145<br/>value = [1, 1, 1, 2, 6, 2, 3, 2, 2, 4, 3, 3, 8, 5<br/>6, 7, 3, 5, 1, 0, 3, 0, 1, 2, 1, 11, 6, 1<br/>1, 1, 1, 1, 1, 0, 0, 0, 2, 4, 2, 1, 3, 2<br/>4, 2, 1, 2, 4, 6, 3, 4, 1, 2, 0, 0, 2, 2<br/>1, 2]<br/>class = 131>, fillcolor="#fbfefe"] ;
6 -> 7 ;
8 [label=<deposit &le; 0.5<br/>gini = 0.968<br/>samples = 130<br/>value = [1, 1, 1, 2, 6, 0, 3, 2, 2, 4, 3, 3, 8, 0<br/>0, 7, 3, 5, 1, 0, 3, 0, 1, 2, 1, 9, 6, 1<br/>1, 1, 1, 1, 1, 0, 0, 0, 2, 4, 2, 1, 3, 2<br/>4, 2, 1, 2, 4, 6, 3, 4, 1, 2, 0, 0, 2, 2<br/>1, 2]<br/>class = 131>, fillcolor="#fdffff"] ;
7 -> 8 ;
9 [label=<makeup &le; 0.5<br/>gini = 0.967<br/>samples = 126<br/>value = [1, 1, 1, 2, 6, 0, 3, 2, 2, 4, 3, 3, 8, 0<br/>0, 7, 3, 5, 1, 0, 3, 0, 1, 2, 1, 9, 6, 1<br/>1, 1, 1, 1, 1, 0, 0, 0, 2, 4, 2, 1, 3, 2<br/>4, 2, 1, 2, 0, 6, 3, 4, 1, 2, 0, 0, 2, 2<br/>1, 2]<br/>class = 131>, fillcolor="#fdffff"] ;
8 -> 9 ;
10 [label=<min &le; 0.5<br/>gini = 0.967<br/>samples = 122<br/>value = [1, 1, 1, 2, 6, 0, 3, 2, 2, 4, 3, 3, 8, 0<br/>0, 7, 3, 5, 1, 0, 3, 0, 1, 2, 1, 9, 6, 1<br/>1, 1, 1, 1, 1, 0, 0, 0, 2, 4, 2, 1, 3, 2<br/>4, 2, 1, 2, 0, 2, 3, 4, 1, 2, 0, 0, 2, 2<br/>1, 2]<br/>class = 131>, fillcolor="#fdffff"] ;
9 -> 10 ;
11 [label=<least &le; 0.5<br/>gini = 0.966<br/>samples = 119<br/>value = [1, 1, 1, 2, 6, 0, 3, 2, 2, 4, 3, 3, 8, 0<br/>0, 7, 0, 5, 1, 0, 3, 0, 1, 2, 1, 9, 6, 1<br/>1, 1, 1, 1, 1, 0, 0, 0, 2, 4, 2, 1, 3, 2<br/>4, 2, 1, 2, 0, 2, 3, 4, 1, 2, 0, 0, 2, 2<br/>1, 2]<br/>class = 131>, fillcolor="#fdffff"] ;
10 -> 11 ;
12 [label=<card_loan &le; 0.5<br/>gini = 0.966<br/>samples = 116<br/>value = [1, 1, 1, 2, 6, 0, 3, 2, 2, 4, 3, 3, 8, 0<br/>0, 7, 0, 2, 1, 0, 3, 0, 1, 2, 1, 9, 6, 1<br/>1, 1, 1, 1, 1, 0, 0, 0, 2, 4, 2, 1, 3, 2<br/>4, 2, 1, 2, 0, 2, 3, 4, 1, 2, 0, 0, 2, 2<br/>1, 2]<br/>class = 131>, fillcolor="#fdffff"] ;
11 -> 12 ;
13 [label=<loan &le; 0.5<br/>gini = 0.967<br/>samples = 113<br/>value = [1, 1, 1, 2, 6, 0, 3, 2, 2, 4, 3, 3, 8, 0<br/>0, 7, 0, 2, 1, 0, 3, 0, 1, 2, 1, 6, 6, 1<br/>1, 1, 1, 1, 1, 0, 0, 0, 2, 4, 2, 1, 3, 2<br/>4, 2, 1, 2, 0, 2, 3, 4, 1, 2, 0, 0, 2, 2<br/>1, 2]<br/>class = 111_8>, fillcolor="#fefffd"] ;
12 -> 13 ;
14 [label=<installment &le; 0.5<br/>gini = 0.967<br/>samples = 106<br/>value = [1, 1, 1, 2, 6, 0, 3, 2, 2, 4, 3, 3, 8, 0<br/>0, 7, 0, 2, 1, 0, 3, 0, 1, 2, 1, 2, 6, 1<br/>1, 1, 1, 1, 1, 0, 0, 0, 2, 4, 2, 1, 3, 2<br/>4, 2, 1, 2, 0, 2, 3, 4, 1, 2, 0, 0, 1, 0<br/>1, 2]<br/>class = 111_8>, fillcolor="#fefffd"] ;
13 -> 14 ;
15 [label=<credit_card &le; 0.5<br/>gini = 0.963<br/>samples = 95<br/>value = [1, 1, 1, 2, 6, 0, 3, 2, 2, 4, 3, 3, 8, 0<br/>0, 7, 0, 2, 1, 0, 3, 0, 1, 2, 1, 2, 1, 0<br/>0, 0, 0, 0, 0, 0, 0, 0, 2, 4, 2, 1, 3, 2<br/>4, 2, 1, 2, 0, 2, 3, 4, 1, 2, 0, 0, 1, 0<br/>1, 2]<br/>class = 111_8>, fillcolor="#fdfffd"] ;
14 -> 15 ;
16 [label=<record &le; 0.5<br/>gini = 0.955<br/>samples = 57<br/>value = [0, 1, 1, 2, 1, 0, 0, 1, 2, 2, 3, 3, 5, 0<br/>0, 0, 0, 0, 0, 0, 0, 0, 0, 0, 0, 1, 0, 0<br/>0, 0, 0, 0, 0, 0, 0, 0, 0, 2, 2, 1, 3, 2<br/>4, 2, 1, 2, 0, 2, 3, 4, 1, 2, 0, 0, 1, 0<br/>1, 2]<br/>class = 111_8>, fillcolor="#fcfffb"] ;
15 -> 16 ;
17 [label=<pay &le; 0.5<br/>gini = 0.953<br/>samples = 55<br/>value = [0, 1, 1, 2, 1, 0, 0, 1, 2, 0, 3, 3, 5, 0<br/>0, 0, 0, 0, 0, 0, 0, 0, 0, 0, 0, 1, 0, 0<br/>0, 0, 0, 0, 0, 0, 0, 0, 0, 2, 2, 1, 3, 2<br/>4, 2, 1, 2, 0, 2, 3, 4, 1, 2, 0, 0, 1, 0<br/>1, 2]<br/>class = 111_8>, fillcolor="#fcfefb"] ;
16 -> 17 ;
18 [label=<other_bank &le; 0.5<br/>gini = 0.952<br/>samples = 48<br/>value = [0, 1, 1, 2, 1, 0, 0, 1, 2, 0, 1, 0, 3, 0<br/>0, 0, 0, 0, 0, 0, 0, 0, 0, 0, 0, 1, 0, 0<br/>0, 0, 0, 0, 0, 0, 0, 0, 0, 2, 2, 1, 3, 2<br/>4, 2, 1, 2, 0, 2, 3, 4, 1, 2, 0, 0, 1, 0<br/>1, 2]<br/>class = 151>, fillcolor="#ffffff"] ;
17 -> 18 ;
19 [label=<reserve &le; 0.5<br/>gini = 0.95<br/>samples = 46<br/>value = [0, 1, 1, 2, 1, 0, 0, 1, 2, 0, 1, 0, 3, 0<br/>0, 0, 0, 0, 0, 0, 0, 0, 0, 0, 0, 1, 0, 0<br/>0, 0, 0, 0, 0, 0, 0, 0, 0, 2, 2, 1, 3, 2<br/>4, 2, 1, 2, 0, 2, 3, 4, 1, 0, 0, 0, 1, 0<br/>1, 2]<br/>class = 151>, fillcolor="#ffffff"] ;
18 -> 19 ;
20 [label=<insurance &le; 0.5<br/>gini = 0.947<br/>samples = 44<br/>value = [0, 1, 1, 2, 1, 0, 0, 1, 2, 0, 1, 0, 3, 0<br/>0, 0, 0, 0, 0, 0, 0, 0, 0, 0, 0, 1, 0, 0<br/>0, 0, 0, 0, 0, 0, 0, 0, 0, 2, 2, 1, 3, 2<br/>4, 0, 1, 2, 0, 2, 3, 4, 1, 0, 0, 0, 1, 0<br/>1, 2]<br/>class = 151>, fillcolor="#ffffff"] ;
19 -> 20 ;
21 [label=<airport_pickup &le; 0.5<br/>gini = 0.947<br/>samples = 42<br/>value = [0, 1, 1, 2, 1, 0, 0, 1, 2, 0, 1, 0, 3, 0<br/>0, 0, 0, 0, 0, 0, 0, 0, 0, 0, 0, 1, 0, 0<br/>0, 0, 0, 0, 0, 0, 0, 0, 0, 2, 2, 1, 1, 2<br/>4, 0, 1, 2, 0, 2, 3, 4, 1, 0, 0, 0, 1, 0<br/>1, 2]<br/>class = 151>, fillcolor="#ffffff"] ;
20 -> 21 ;
22 [label=<notify &le; 0.5<br/>gini = 0.949<br/>samples = 40<br/>value = [0, 1, 1, 2, 1, 0, 0, 1, 2, 0, 1, 0, 3, 0<br/>0, 0, 0, 0, 0, 0, 0, 0, 0, 0, 0, 1, 0, 0<br/>0, 0, 0, 0, 0, 0, 0, 0, 0, 2, 2, 1, 1, 2<br/>2, 0, 1, 2, 0, 2, 3, 4, 1, 0, 0, 0, 1, 0<br/>1, 2]<br/>class = 218>, fillcolor="#fefafc"] ;
21 -> 22 ;
23 [label=<airport &le; 0.5<br/>gini = 0.952<br/>samples = 38<br/>value = [0, 1, 1, 2, 1, 0, 0, 1, 2, 0, 1, 0, 3, 0<br/>0, 0, 0, 0, 0, 0, 0, 0, 0, 0, 0, 1, 0, 0<br/>0, 0, 0, 0, 0, 0, 0, 0, 0, 2, 2, 1, 1, 2<br/>2, 0, 1, 2, 0, 2, 3, 2, 1, 0, 0, 0, 1, 0<br/>1, 2]<br/>class = 111_8>, fillcolor="#ffffff"] ;
22 -> 23 ;
24 [label=<parking &le; 0.5<br/>gini = 0.941<br/>samples = 32<br/>value = [0, 1, 1, 2, 1, 0, 0, 1, 2, 0, 1, 0, 3, 0<br/>0, 0, 0, 0, 0, 0, 0, 0, 0, 0, 0, 1, 0, 0<br/>0, 0, 0, 0, 0, 0, 0, 0, 0, 2, 0, 0, 1, 2<br/>0, 0, 0, 2, 0, 2, 3, 2, 1, 0, 0, 0, 1, 0<br/>1, 2]<br/>class = 111_8>, fillcolor="#ffffff"] ;
23 -> 24 ;
25 [label=<discount &le; 0.5<br/>gini = 0.938<br/>samples = 30<br/>value = [0, 1, 1, 2, 1, 0, 0, 1, 2, 0, 1, 0, 3, 0<br/>0, 0, 0, 0, 0, 0, 0, 0, 0, 0, 0, 1, 0, 0<br/>0, 0, 0, 0, 0, 0, 0, 0, 0, 2, 0, 0, 1, 0<br/>0, 0, 0, 2, 0, 2, 3, 2, 1, 0, 0, 0, 1, 0<br/>1, 2]<br/>class = 111_8>, fillcolor="#ffffff"] ;
24 -> 25 ;
26 [label=<money &le; 0.5<br/>gini = 0.934<br/>samples = 28<br/>value = [0, 1, 1, 2, 1, 0, 0, 1, 2, 0, 1, 0, 3, 0<br/>0, 0, 0, 0, 0, 0, 0, 0, 0, 0, 0, 1, 0, 0<br/>0, 0, 0, 0, 0, 0, 0, 0, 0, 0, 0, 0, 1, 0<br/>0, 0, 0, 2, 0, 2, 3, 2, 1, 0, 0, 0, 1, 0<br/>1, 2]<br/>class = 111_8>, fillcolor="#ffffff"] ;
25 -> 26 ;
27 [label=<transaction &le; 0.5<br/>gini = 0.925<br/>samples = 25<br/>value = [0, 1, 1, 2, 1, 0, 0, 1, 2, 0, 1, 0, 3, 0<br/>0, 0, 0, 0, 0, 0, 0, 0, 0, 0, 0, 1, 0, 0<br/>0, 0, 0, 0, 0, 0, 0, 0, 0, 0, 0, 0, 1, 0<br/>0, 0, 0, 2, 0, 0, 3, 2, 1, 0, 0, 0, 0, 0<br/>1, 2]<br/>class = 111_8>, fillcolor="#ffffff"] ;
26 -> 27 ;
28 [label=<dream &le; 0.5<br/>gini = 0.926<br/>samples = 22<br/>value = [0, 1, 1, 2, 1, 0, 0, 1, 1, 0, 1, 0, 3, 0<br/>0, 0, 0, 0, 0, 0, 0, 0, 0, 0, 0, 1, 0, 0<br/>0, 0, 0, 0, 0, 0, 0, 0, 0, 0, 0, 0, 1, 0<br/>0, 0, 0, 2, 0, 0, 1, 2, 1, 0, 0, 0, 0, 0<br/>1, 2]<br/>class = 111_8>, fillcolor="#f8fef5"] ;
27 -> 28 ;
29 [label=<esun &le; 0.5<br/>gini = 0.921<br/>samples = 21<br/>value = [0, 1, 1, 2, 1, 0, 0, 1, 1, 0, 1, 0, 3, 0<br/>0, 0, 0, 0, 0, 0, 0, 0, 0, 0, 0, 0, 0, 0<br/>0, 0, 0, 0, 0, 0, 0, 0, 0, 0, 0, 0, 1, 0<br/>0, 0, 0, 2, 0, 0, 1, 2, 1, 0, 0, 0, 0, 0<br/>1, 2]<br/>class = 111_8>, fillcolor="#f8fef5"] ;
28 -> 29 ;
30 [label=<request_payment &le; 0.5<br/>gini = 0.915<br/>samples = 20<br/>value = [0, 1, 1, 2, 1, 0, 0, 1, 1, 0, 1, 0, 3, 0<br/>0, 0, 0, 0, 0, 0, 0, 0, 0, 0, 0, 0, 0, 0<br/>0, 0, 0, 0, 0, 0, 0, 0, 0, 0, 0, 0, 1, 0<br/>0, 0, 0, 2, 0, 0, 1, 2, 0, 0, 0, 0, 0, 0<br/>1, 2]<br/>class = 111_8>, fillcolor="#f7fef4"] ;
29 -> 30 ;
31 [label=<detail &le; 0.5<br/>gini = 0.909<br/>samples = 19<br/>value = [0, 1, 1, 2, 1, 0, 0, 1, 0, 0, 1, 0, 3, 0<br/>0, 0, 0, 0, 0, 0, 0, 0, 0, 0, 0, 0, 0, 0<br/>0, 0, 0, 0, 0, 0, 0, 0, 0, 0, 0, 0, 1, 0<br/>0, 0, 0, 2, 0, 0, 1, 2, 0, 0, 0, 0, 0, 0<br/>1, 2]<br/>class = 111_8>, fillcolor="#f7fdf3"] ;
30 -> 31 ;
32 [label=<ebill &le; 0.5<br/>gini = 0.901<br/>samples = 18<br/>value = [0, 1, 1, 2, 1, 0, 0, 1, 0, 0, 1, 0, 3, 0<br/>0, 0, 0, 0, 0, 0, 0, 0, 0, 0, 0, 0, 0, 0<br/>0, 0, 0, 0, 0, 0, 0, 0, 0, 0, 0, 0, 1, 0<br/>0, 0, 0, 2, 0, 0, 0, 2, 0, 0, 0, 0, 0, 0<br/>1, 2]<br/>class = 111_8>, fillcolor="#f6fdf3"] ;
31 -> 32 ;
33 [label=<checkout &le; 0.5<br/>gini = 0.893<br/>samples = 17<br/>value = [0, 1, 1, 2, 1, 0, 0, 1, 0, 0, 0, 0, 3, 0<br/>0, 0, 0, 0, 0, 0, 0, 0, 0, 0, 0, 0, 0, 0<br/>0, 0, 0, 0, 0, 0, 0, 0, 0, 0, 0, 0, 1, 0<br/>0, 0, 0, 2, 0, 0, 0, 2, 0, 0, 0, 0, 0, 0<br/>1, 2]<br/>class = 111_8>, fillcolor="#f6fdf2"] ;
32 -> 33 ;
34 [label=<travel_insurance &le; 0.5<br/>gini = 0.883<br/>samples = 16<br/>value = [0, 1, 1, 2, 1, 0, 0, 0, 0, 0, 0, 0, 3, 0<br/>0, 0, 0, 0, 0, 0, 0, 0, 0, 0, 0, 0, 0, 0<br/>0, 0, 0, 0, 0, 0, 0, 0, 0, 0, 0, 0, 1, 0<br/>0, 0, 0, 2, 0, 0, 0, 2, 0, 0, 0, 0, 0, 0<br/>1, 2]<br/>class = 111_8>, fillcolor="#f5fdf1"] ;
33 -> 34 ;
35 [label=<easy_card &le; 0.5<br/>gini = 0.871<br/>samples = 15<br/>value = [0, 1, 1, 2, 1, 0, 0, 0, 0, 0, 0, 0, 3, 0<br/>0, 0, 0, 0, 0, 0, 0, 0, 0, 0, 0, 0, 0, 0<br/>0, 0, 0, 0, 0, 0, 0, 0, 0, 0, 0, 0, 0, 0<br/>0, 0, 0, 2, 0, 0, 0, 2, 0, 0, 0, 0, 0, 0<br/>1, 2]<br/>class = 111_8>, fillcolor="#f4fdf0"] ;
34 -> 35 ;
36 [label=<digital &le; 0.5<br/>gini = 0.857<br/>samples = 14<br/>value = [0, 1, 1, 2, 0, 0, 0, 0, 0, 0, 0, 0, 3, 0<br/>0, 0, 0, 0, 0, 0, 0, 0, 0, 0, 0, 0, 0, 0<br/>0, 0, 0, 0, 0, 0, 0, 0, 0, 0, 0, 0, 0, 0<br/>0, 0, 0, 2, 0, 0, 0, 2, 0, 0, 0, 0, 0, 0<br/>1, 2]<br/>class = 111_8>, fillcolor="#f4fdee"] ;
35 -> 36 ;
37 [label=<forward &le; 0.5<br/>gini = 0.84<br/>samples = 13<br/>value = [0, 1, 1, 2, 0, 0, 0, 0, 0, 0, 0, 0, 3, 0<br/>0, 0, 0, 0, 0, 0, 0, 0, 0, 0, 0, 0, 0, 0<br/>0, 0, 0, 0, 0, 0, 0, 0, 0, 0, 0, 0, 0, 0<br/>0, 0, 0, 2, 0, 0, 0, 2, 0, 0, 0, 0, 0, 0<br/>0, 2]<br/>class = 111_8>, fillcolor="#f2fded"] ;
36 -> 37 ;
38 [label=<debit_card &le; 0.5<br/>gini = 0.819<br/>samples = 12<br/>value = [0, 1, 0, 2, 0, 0, 0, 0, 0, 0, 0, 0, 3, 0<br/>0, 0, 0, 0, 0, 0, 0, 0, 0, 0, 0, 0, 0, 0<br/>0, 0, 0, 0, 0, 0, 0, 0, 0, 0, 0, 0, 0, 0<br/>0, 0, 0, 2, 0, 0, 0, 2, 0, 0, 0, 0, 0, 0<br/>0, 2]<br/>class = 111_8>, fillcolor="#f1fceb"] ;
37 -> 38 ;
39 [label=<bank_business &le; 0.5<br/>gini = 0.78<br/>samples = 10<br/>value = [0, 0, 0, 2, 0, 0, 0, 0, 0, 0, 0, 0, 3, 0<br/>0, 0, 0, 0, 0, 0, 0, 0, 0, 0, 0, 0, 0, 0<br/>0, 0, 0, 0, 0, 0, 0, 0, 0, 0, 0, 0, 0, 0<br/>0, 0, 0, 1, 0, 0, 0, 2, 0, 0, 0, 0, 0, 0<br/>0, 2]<br/>class = 111_8>, fillcolor="#eefce6"] ;
38 -> 39 ;
40 [label=<check &le; 0.5<br/>gini = 0.741<br/>samples = 9<br/>value = [0, 0, 0, 2, 0, 0, 0, 0, 0, 0, 0, 0, 3, 0<br/>0, 0, 0, 0, 0, 0, 0, 0, 0, 0, 0, 0, 0, 0<br/>0, 0, 0, 0, 0, 0, 0, 0, 0, 0, 0, 0, 0, 0<br/>0, 0, 0, 0, 0, 0, 0, 2, 0, 0, 0, 0, 0, 0<br/>0, 2]<br/>class = 111_8>, fillcolor="#ebfbe3"] ;
39 -> 40 ;
41 [label=<ticket &le; 0.5<br/>gini = 0.719<br/>samples = 8<br/>value = [0, 0, 0, 2, 0, 0, 0, 0, 0, 0, 0, 0, 3, 0<br/>0, 0, 0, 0, 0, 0, 0, 0, 0, 0, 0, 0, 0, 0<br/>0, 0, 0, 0, 0, 0, 0, 0, 0, 0, 0, 0, 0, 0<br/>0, 0, 0, 0, 0, 0, 0, 1, 0, 0, 0, 0, 0, 0<br/>0, 2]<br/>class = 111_8>, fillcolor="#e8fbde"] ;
40 -> 41 ;
42 [label=<account &le; 0.5<br/>gini = 0.653<br/>samples = 7<br/>value = [0, 0, 0, 2, 0, 0, 0, 0, 0, 0, 0, 0, 3, 0<br/>0, 0, 0, 0, 0, 0, 0, 0, 0, 0, 0, 0, 0, 0<br/>0, 0, 0, 0, 0, 0, 0, 0, 0, 0, 0, 0, 0, 0<br/>0, 0, 0, 0, 0, 0, 0, 0, 0, 0, 0, 0, 0, 0<br/>0, 2]<br/>class = 111_8>, fillcolor="#e3fad7"] ;
41 -> 42 ;
43 [label=<stock &le; 0.5<br/>gini = 0.611<br/>samples = 6<br/>value = [0, 0, 0, 2, 0, 0, 0, 0, 0, 0, 0, 0, 3, 0<br/>0, 0, 0, 0, 0, 0, 0, 0, 0, 0, 0, 0, 0, 0<br/>0, 0, 0, 0, 0, 0, 0, 0, 0, 0, 0, 0, 0, 0<br/>0, 0, 0, 0, 0, 0, 0, 0, 0, 0, 0, 0, 0, 0<br/>0, 1]<br/>class = 111_8>, fillcolor="#dcf8ce"] ;
42 -> 43 ;
44 [label=<road &le; 0.5<br/>gini = 0.48<br/>samples = 5<br/>value = [0, 0, 0, 2, 0, 0, 0, 0, 0, 0, 0, 0, 3, 0<br/>0, 0, 0, 0, 0, 0, 0, 0, 0, 0, 0, 0, 0, 0<br/>0, 0, 0, 0, 0, 0, 0, 0, 0, 0, 0, 0, 0, 0<br/>0, 0, 0, 0, 0, 0, 0, 0, 0, 0, 0, 0, 0, 0<br/>0, 0]<br/>class = 111_8>, fillcolor="#d1f6bd"] ;
43 -> 44 ;
45 [label=<road_assist &le; 0.5<br/>gini = 0.375<br/>samples = 4<br/>value = [0, 0, 0, 1, 0, 0, 0, 0, 0, 0, 0, 0, 3, 0<br/>0, 0, 0, 0, 0, 0, 0, 0, 0, 0, 0, 0, 0, 0<br/>0, 0, 0, 0, 0, 0, 0, 0, 0, 0, 0, 0, 0, 0<br/>0, 0, 0, 0, 0, 0, 0, 0, 0, 0, 0, 0, 0, 0<br/>0, 0]<br/>class = 111_8>, fillcolor="#a3ee7b"] ;
44 -> 45 ;
46 [label=<gini = 0.0<br/>samples = 3<br/>value = [0, 0, 0, 0, 0, 0, 0, 0, 0, 0, 0, 0, 3, 0<br/>0, 0, 0, 0, 0, 0, 0, 0, 0, 0, 0, 0, 0, 0<br/>0, 0, 0, 0, 0, 0, 0, 0, 0, 0, 0, 0, 0, 0<br/>0, 0, 0, 0, 0, 0, 0, 0, 0, 0, 0, 0, 0, 0<br/>0, 0]<br/>class = 111_8>, fillcolor="#75e539"] ;
45 -> 46 ;
47 [label=<gini = 0.0<br/>samples = 1<br/>value = [0, 0, 0, 1, 0, 0, 0, 0, 0, 0, 0, 0, 0, 0<br/>0, 0, 0, 0, 0, 0, 0, 0, 0, 0, 0, 0, 0, 0<br/>0, 0, 0, 0, 0, 0, 0, 0, 0, 0, 0, 0, 0, 0<br/>0, 0, 0, 0, 0, 0, 0, 0, 0, 0, 0, 0, 0, 0<br/>0, 0]<br/>class = *32>, fillcolor="#e5b439"] ;
45 -> 47 ;
48 [label=<gini = 0.0<br/>samples = 1<br/>value = [0, 0, 0, 1, 0, 0, 0, 0, 0, 0, 0, 0, 0, 0<br/>0, 0, 0, 0, 0, 0, 0, 0, 0, 0, 0, 0, 0, 0<br/>0, 0, 0, 0, 0, 0, 0, 0, 0, 0, 0, 0, 0, 0<br/>0, 0, 0, 0, 0, 0, 0, 0, 0, 0, 0, 0, 0, 0<br/>0, 0]<br/>class = *32>, fillcolor="#e5b439"] ;
44 -> 48 ;
49 [label=<gini = 0.0<br/>samples = 1<br/>value = [0, 0, 0, 0, 0, 0, 0, 0, 0, 0, 0, 0, 0, 0<br/>0, 0, 0, 0, 0, 0, 0, 0, 0, 0, 0, 0, 0, 0<br/>0, 0, 0, 0, 0, 0, 0, 0, 0, 0, 0, 0, 0, 0<br/>0, 0, 0, 0, 0, 0, 0, 0, 0, 0, 0, 0, 0, 0<br/>0, 1]<br/>class = 42>, fillcolor="#e56d39"] ;
43 -> 49 ;
50 [label=<gini = 0.0<br/>samples = 1<br/>value = [0, 0, 0, 0, 0, 0, 0, 0, 0, 0, 0, 0, 0, 0<br/>0, 0, 0, 0, 0, 0, 0, 0, 0, 0, 0, 0, 0, 0<br/>0, 0, 0, 0, 0, 0, 0, 0, 0, 0, 0, 0, 0, 0<br/>0, 0, 0, 0, 0, 0, 0, 0, 0, 0, 0, 0, 0, 0<br/>0, 1]<br/>class = 42>, fillcolor="#e56d39"] ;
42 -> 50 ;
51 [label=<gini = 0.0<br/>samples = 1<br/>value = [0, 0, 0, 0, 0, 0, 0, 0, 0, 0, 0, 0, 0, 0<br/>0, 0, 0, 0, 0, 0, 0, 0, 0, 0, 0, 0, 0, 0<br/>0, 0, 0, 0, 0, 0, 0, 0, 0, 0, 0, 0, 0, 0<br/>0, 0, 0, 0, 0, 0, 0, 1, 0, 0, 0, 0, 0, 0<br/>0, 0]<br/>class = 218>, fillcolor="#e53992"] ;
41 -> 51 ;
52 [label=<gini = 0.0<br/>samples = 1<br/>value = [0, 0, 0, 0, 0, 0, 0, 0, 0, 0, 0, 0, 0, 0<br/>0, 0, 0, 0, 0, 0, 0, 0, 0, 0, 0, 0, 0, 0<br/>0, 0, 0, 0, 0, 0, 0, 0, 0, 0, 0, 0, 0, 0<br/>0, 0, 0, 0, 0, 0, 0, 1, 0, 0, 0, 0, 0, 0<br/>0, 0]<br/>class = 218>, fillcolor="#e53992"] ;
40 -> 52 ;
53 [label=<gini = 0.0<br/>samples = 1<br/>value = [0, 0, 0, 0, 0, 0, 0, 0, 0, 0, 0, 0, 0, 0<br/>0, 0, 0, 0, 0, 0, 0, 0, 0, 0, 0, 0, 0, 0<br/>0, 0, 0, 0, 0, 0, 0, 0, 0, 0, 0, 0, 0, 0<br/>0, 0, 0, 1, 0, 0, 0, 0, 0, 0, 0, 0, 0, 0<br/>0, 0]<br/>class = 20>, fillcolor="#e539da"] ;
39 -> 53 ;
54 [label=<loss &le; 0.5<br/>gini = 0.5<br/>samples = 2<br/>value = [0, 1, 0, 0, 0, 0, 0, 0, 0, 0, 0, 0, 0, 0<br/>0, 0, 0, 0, 0, 0, 0, 0, 0, 0, 0, 0, 0, 0<br/>0, 0, 0, 0, 0, 0, 0, 0, 0, 0, 0, 0, 0, 0<br/>0, 0, 0, 1, 0, 0, 0, 0, 0, 0, 0, 0, 0, 0<br/>0, 0]<br/>class = *2>, fillcolor="#ffffff"] ;
38 -> 54 ;
55 [label=<gini = 0.0<br/>samples = 1<br/>value = [0, 0, 0, 0, 0, 0, 0, 0, 0, 0, 0, 0, 0, 0<br/>0, 0, 0, 0, 0, 0, 0, 0, 0, 0, 0, 0, 0, 0<br/>0, 0, 0, 0, 0, 0, 0, 0, 0, 0, 0, 0, 0, 0<br/>0, 0, 0, 1, 0, 0, 0, 0, 0, 0, 0, 0, 0, 0<br/>0, 0]<br/>class = 20>, fillcolor="#e539da"] ;
54 -> 55 ;
56 [label=<gini = 0.0<br/>samples = 1<br/>value = [0, 1, 0, 0, 0, 0, 0, 0, 0, 0, 0, 0, 0, 0<br/>0, 0, 0, 0, 0, 0, 0, 0, 0, 0, 0, 0, 0, 0<br/>0, 0, 0, 0, 0, 0, 0, 0, 0, 0, 0, 0, 0, 0<br/>0, 0, 0, 0, 0, 0, 0, 0, 0, 0, 0, 0, 0, 0<br/>0, 0]<br/>class = *2>, fillcolor="#e59239"] ;
54 -> 56 ;
57 [label=<gini = 0.0<br/>samples = 1<br/>value = [0, 0, 1, 0, 0, 0, 0, 0, 0, 0, 0, 0, 0, 0<br/>0, 0, 0, 0, 0, 0, 0, 0, 0, 0, 0, 0, 0, 0<br/>0, 0, 0, 0, 0, 0, 0, 0, 0, 0, 0, 0, 0, 0<br/>0, 0, 0, 0, 0, 0, 0, 0, 0, 0, 0, 0, 0, 0<br/>0, 0]<br/>class = *31>, fillcolor="#e5a339"] ;
37 -> 57 ;
58 [label=<gini = 0.0<br/>samples = 1<br/>value = [0, 0, 0, 0, 0, 0, 0, 0, 0, 0, 0, 0, 0, 0<br/>0, 0, 0, 0, 0, 0, 0, 0, 0, 0, 0, 0, 0, 0<br/>0, 0, 0, 0, 0, 0, 0, 0, 0, 0, 0, 0, 0, 0<br/>0, 0, 0, 0, 0, 0, 0, 0, 0, 0, 0, 0, 0, 0<br/>1, 0]<br/>class = 31_1>, fillcolor="#e55b39"] ;
36 -> 58 ;
59 [label=<gini = 0.0<br/>samples = 1<br/>value = [0, 0, 0, 0, 1, 0, 0, 0, 0, 0, 0, 0, 0, 0<br/>0, 0, 0, 0, 0, 0, 0, 0, 0, 0, 0, 0, 0, 0<br/>0, 0, 0, 0, 0, 0, 0, 0, 0, 0, 0, 0, 0, 0<br/>0, 0, 0, 0, 0, 0, 0, 0, 0, 0, 0, 0, 0, 0<br/>0, 0]<br/>class = 10>, fillcolor="#e5c539"] ;
35 -> 59 ;
60 [label=<gini = 0.0<br/>samples = 1<br/>value = [0, 0, 0, 0, 0, 0, 0, 0, 0, 0, 0, 0, 0, 0<br/>0, 0, 0, 0, 0, 0, 0, 0, 0, 0, 0, 0, 0, 0<br/>0, 0, 0, 0, 0, 0, 0, 0, 0, 0, 0, 0, 1, 0<br/>0, 0, 0, 0, 0, 0, 0, 0, 0, 0, 0, 0, 0, 0<br/>0, 0]<br/>class = 14_4>, fillcolor="#9839e5"] ;
34 -> 60 ;
61 [label=<gini = 0.0<br/>samples = 1<br/>value = [0, 0, 0, 0, 0, 0, 0, 1, 0, 0, 0, 0, 0, 0<br/>0, 0, 0, 0, 0, 0, 0, 0, 0, 0, 0, 0, 0, 0<br/>0, 0, 0, 0, 0, 0, 0, 0, 0, 0, 0, 0, 0, 0<br/>0, 0, 0, 0, 0, 0, 0, 0, 0, 0, 0, 0, 0, 0<br/>0, 0]<br/>class = 111_3>, fillcolor="#cee539"] ;
33 -> 61 ;
62 [label=<gini = 0.0<br/>samples = 1<br/>value = [0, 0, 0, 0, 0, 0, 0, 0, 0, 0, 1, 0, 0, 0<br/>0, 0, 0, 0, 0, 0, 0, 0, 0, 0, 0, 0, 0, 0<br/>0, 0, 0, 0, 0, 0, 0, 0, 0, 0, 0, 0, 0, 0<br/>0, 0, 0, 0, 0, 0, 0, 0, 0, 0, 0, 0, 0, 0<br/>0, 0]<br/>class = 111_6>, fillcolor="#98e539"] ;
32 -> 62 ;
63 [label=<gini = 0.0<br/>samples = 1<br/>value = [0, 0, 0, 0, 0, 0, 0, 0, 0, 0, 0, 0, 0, 0<br/>0, 0, 0, 0, 0, 0, 0, 0, 0, 0, 0, 0, 0, 0<br/>0, 0, 0, 0, 0, 0, 0, 0, 0, 0, 0, 0, 0, 0<br/>0, 0, 0, 0, 0, 0, 1, 0, 0, 0, 0, 0, 0, 0<br/>0, 0]<br/>class = 213>, fillcolor="#e539a6"] ;
31 -> 63 ;
64 [label=<gini = 0.0<br/>samples = 1<br/>value = [0, 0, 0, 0, 0, 0, 0, 0, 1, 0, 0, 0, 0, 0<br/>0, 0, 0, 0, 0, 0, 0, 0, 0, 0, 0, 0, 0, 0<br/>0, 0, 0, 0, 0, 0, 0, 0, 0, 0, 0, 0, 0, 0<br/>0, 0, 0, 0, 0, 0, 0, 0, 0, 0, 0, 0, 0, 0<br/>0, 0]<br/>class = 111_4>, fillcolor="#bde539"] ;
30 -> 64 ;
65 [label=<gini = 0.0<br/>samples = 1<br/>value = [0, 0, 0, 0, 0, 0, 0, 0, 0, 0, 0, 0, 0, 0<br/>0, 0, 0, 0, 0, 0, 0, 0, 0, 0, 0, 0, 0, 0<br/>0, 0, 0, 0, 0, 0, 0, 0, 0, 0, 0, 0, 0, 0<br/>0, 0, 0, 0, 0, 0, 0, 0, 1, 0, 0, 0, 0, 0<br/>0, 0]<br/>class = 221>, fillcolor="#e53981"] ;
29 -> 65 ;
66 [label=<gini = 0.0<br/>samples = 1<br/>value = [0, 0, 0, 0, 0, 0, 0, 0, 0, 0, 0, 0, 0, 0<br/>0, 0, 0, 0, 0, 0, 0, 0, 0, 0, 0, 1, 0, 0<br/>0, 0, 0, 0, 0, 0, 0, 0, 0, 0, 0, 0, 0, 0<br/>0, 0, 0, 0, 0, 0, 0, 0, 0, 0, 0, 0, 0, 0<br/>0, 0]<br/>class = 131>, fillcolor="#39e5e5"] ;
28 -> 66 ;
67 [label=<next &le; 0.5<br/>gini = 0.444<br/>samples = 3<br/>value = [0, 0, 0, 0, 0, 0, 0, 0, 1, 0, 0, 0, 0, 0<br/>0, 0, 0, 0, 0, 0, 0, 0, 0, 0, 0, 0, 0, 0<br/>0, 0, 0, 0, 0, 0, 0, 0, 0, 0, 0, 0, 0, 0<br/>0, 0, 0, 0, 0, 0, 2, 0, 0, 0, 0, 0, 0, 0<br/>0, 0]<br/>class = 213>, fillcolor="#f29cd2"] ;
27 -> 67 ;
68 [label=<gini = 0.0<br/>samples = 2<br/>value = [0, 0, 0, 0, 0, 0, 0, 0, 0, 0, 0, 0, 0, 0<br/>0, 0, 0, 0, 0, 0, 0, 0, 0, 0, 0, 0, 0, 0<br/>0, 0, 0, 0, 0, 0, 0, 0, 0, 0, 0, 0, 0, 0<br/>0, 0, 0, 0, 0, 0, 2, 0, 0, 0, 0, 0, 0, 0<br/>0, 0]<br/>class = 213>, fillcolor="#e539a6"] ;
67 -> 68 ;
69 [label=<gini = 0.0<br/>samples = 1<br/>value = [0, 0, 0, 0, 0, 0, 0, 0, 1, 0, 0, 0, 0, 0<br/>0, 0, 0, 0, 0, 0, 0, 0, 0, 0, 0, 0, 0, 0<br/>0, 0, 0, 0, 0, 0, 0, 0, 0, 0, 0, 0, 0, 0<br/>0, 0, 0, 0, 0, 0, 0, 0, 0, 0, 0, 0, 0, 0<br/>0, 0]<br/>class = 111_4>, fillcolor="#bde539"] ;
67 -> 69 ;
70 [label=<need &le; 0.5<br/>gini = 0.444<br/>samples = 3<br/>value = [0, 0, 0, 0, 0, 0, 0, 0, 0, 0, 0, 0, 0, 0<br/>0, 0, 0, 0, 0, 0, 0, 0, 0, 0, 0, 0, 0, 0<br/>0, 0, 0, 0, 0, 0, 0, 0, 0, 0, 0, 0, 0, 0<br/>0, 0, 0, 0, 0, 2, 0, 0, 0, 0, 0, 0, 1, 0<br/>0, 0]<br/>class = 212>, fillcolor="#f29cdb"] ;
26 -> 70 ;
71 [label=<gini = 0.0<br/>samples = 2<br/>value = [0, 0, 0, 0, 0, 0, 0, 0, 0, 0, 0, 0, 0, 0<br/>0, 0, 0, 0, 0, 0, 0, 0, 0, 0, 0, 0, 0, 0<br/>0, 0, 0, 0, 0, 0, 0, 0, 0, 0, 0, 0, 0, 0<br/>0, 0, 0, 0, 0, 2, 0, 0, 0, 0, 0, 0, 0, 0<br/>0, 0]<br/>class = 212>, fillcolor="#e539b7"] ;
70 -> 71 ;
72 [label=<gini = 0.0<br/>samples = 1<br/>value = [0, 0, 0, 0, 0, 0, 0, 0, 0, 0, 0, 0, 0, 0<br/>0, 0, 0, 0, 0, 0, 0, 0, 0, 0, 0, 0, 0, 0<br/>0, 0, 0, 0, 0, 0, 0, 0, 0, 0, 0, 0, 0, 0<br/>0, 0, 0, 0, 0, 0, 0, 0, 0, 0, 0, 0, 1, 0<br/>0, 0]<br/>class = 241>, fillcolor="#e53939"] ;
70 -> 72 ;
73 [label=<gini = 0.0<br/>samples = 2<br/>value = [0, 0, 0, 0, 0, 0, 0, 0, 0, 0, 0, 0, 0, 0<br/>0, 0, 0, 0, 0, 0, 0, 0, 0, 0, 0, 0, 0, 0<br/>0, 0, 0, 0, 0, 0, 0, 0, 0, 2, 0, 0, 0, 0<br/>0, 0, 0, 0, 0, 0, 0, 0, 0, 0, 0, 0, 0, 0<br/>0, 0]<br/>class = 14_1>, fillcolor="#6139e5"] ;
25 -> 73 ;
74 [label=<gini = 0.0<br/>samples = 2<br/>value = [0, 0, 0, 0, 0, 0, 0, 0, 0, 0, 0, 0, 0, 0<br/>0, 0, 0, 0, 0, 0, 0, 0, 0, 0, 0, 0, 0, 0<br/>0, 0, 0, 0, 0, 0, 0, 0, 0, 0, 0, 0, 0, 2<br/>0, 0, 0, 0, 0, 0, 0, 0, 0, 0, 0, 0, 0, 0<br/>0, 0]<br/>class = 14_5>, fillcolor="#a939e5"] ;
24 -> 74 ;
75 [label=<pickup &le; 0.5<br/>gini = 0.722<br/>samples = 6<br/>value = [0, 0, 0, 0, 0, 0, 0, 0, 0, 0, 0, 0, 0, 0<br/>0, 0, 0, 0, 0, 0, 0, 0, 0, 0, 0, 0, 0, 0<br/>0, 0, 0, 0, 0, 0, 0, 0, 0, 0, 2, 1, 0, 0<br/>2, 0, 1, 0, 0, 0, 0, 0, 0, 0, 0, 0, 0, 0<br/>0, 0]<br/>class = 14_2>, fillcolor="#ffffff"] ;
23 -> 75 ;
76 [label=<vip &le; 0.5<br/>gini = 0.444<br/>samples = 3<br/>value = [0, 0, 0, 0, 0, 0, 0, 0, 0, 0, 0, 0, 0, 0<br/>0, 0, 0, 0, 0, 0, 0, 0, 0, 0, 0, 0, 0, 0<br/>0, 0, 0, 0, 0, 0, 0, 0, 0, 0, 2, 1, 0, 0<br/>0, 0, 0, 0, 0, 0, 0, 0, 0, 0, 0, 0, 0, 0<br/>0, 0]<br/>class = 14_2>, fillcolor="#b89cf2"] ;
75 -> 76 ;
77 [label=<gini = 0.0<br/>samples = 2<br/>value = [0, 0, 0, 0, 0, 0, 0, 0, 0, 0, 0, 0, 0, 0<br/>0, 0, 0, 0, 0, 0, 0, 0, 0, 0, 0, 0, 0, 0<br/>0, 0, 0, 0, 0, 0, 0, 0, 0, 0, 2, 0, 0, 0<br/>0, 0, 0, 0, 0, 0, 0, 0, 0, 0, 0, 0, 0, 0<br/>0, 0]<br/>class = 14_2>, fillcolor="#7239e5"] ;
76 -> 77 ;
78 [label=<gini = 0.0<br/>samples = 1<br/>value = [0, 0, 0, 0, 0, 0, 0, 0, 0, 0, 0, 0, 0, 0<br/>0, 0, 0, 0, 0, 0, 0, 0, 0, 0, 0, 0, 0, 0<br/>0, 0, 0, 0, 0, 0, 0, 0, 0, 0, 0, 1, 0, 0<br/>0, 0, 0, 0, 0, 0, 0, 0, 0, 0, 0, 0, 0, 0<br/>0, 0]<br/>class = 14_3>, fillcolor="#8639e5"] ;
76 -> 78 ;
79 [label=<forward &le; 0.5<br/>gini = 0.444<br/>samples = 3<br/>value = [0, 0, 0, 0, 0, 0, 0, 0, 0, 0, 0, 0, 0, 0<br/>0, 0, 0, 0, 0, 0, 0, 0, 0, 0, 0, 0, 0, 0<br/>0, 0, 0, 0, 0, 0, 0, 0, 0, 0, 0, 0, 0, 0<br/>2, 0, 1, 0, 0, 0, 0, 0, 0, 0, 0, 0, 0, 0<br/>0, 0]<br/>class = 151>, fillcolor="#dc9cf2"] ;
75 -> 79 ;
80 [label=<gini = 0.0<br/>samples = 2<br/>value = [0, 0, 0, 0, 0, 0, 0, 0, 0, 0, 0, 0, 0, 0<br/>0, 0, 0, 0, 0, 0, 0, 0, 0, 0, 0, 0, 0, 0<br/>0, 0, 0, 0, 0, 0, 0, 0, 0, 0, 0, 0, 0, 0<br/>2, 0, 0, 0, 0, 0, 0, 0, 0, 0, 0, 0, 0, 0<br/>0, 0]<br/>class = 151>, fillcolor="#ba39e5"] ;
79 -> 80 ;
81 [label=<gini = 0.0<br/>samples = 1<br/>value = [0, 0, 0, 0, 0, 0, 0, 0, 0, 0, 0, 0, 0, 0<br/>0, 0, 0, 0, 0, 0, 0, 0, 0, 0, 0, 0, 0, 0<br/>0, 0, 0, 0, 0, 0, 0, 0, 0, 0, 0, 0, 0, 0<br/>0, 0, 1, 0, 0, 0, 0, 0, 0, 0, 0, 0, 0, 0<br/>0, 0]<br/>class = 153>, fillcolor="#df39e5"] ;
79 -> 81 ;
82 [label=<gini = 0.0<br/>samples = 2<br/>value = [0, 0, 0, 0, 0, 0, 0, 0, 0, 0, 0, 0, 0, 0<br/>0, 0, 0, 0, 0, 0, 0, 0, 0, 0, 0, 0, 0, 0<br/>0, 0, 0, 0, 0, 0, 0, 0, 0, 0, 0, 0, 0, 0<br/>0, 0, 0, 0, 0, 0, 0, 2, 0, 0, 0, 0, 0, 0<br/>0, 0]<br/>class = 218>, fillcolor="#e53992"] ;
22 -> 82 ;
83 [label=<gini = 0.0<br/>samples = 2<br/>value = [0, 0, 0, 0, 0, 0, 0, 0, 0, 0, 0, 0, 0, 0<br/>0, 0, 0, 0, 0, 0, 0, 0, 0, 0, 0, 0, 0, 0<br/>0, 0, 0, 0, 0, 0, 0, 0, 0, 0, 0, 0, 0, 0<br/>2, 0, 0, 0, 0, 0, 0, 0, 0, 0, 0, 0, 0, 0<br/>0, 0]<br/>class = 151>, fillcolor="#ba39e5"] ;
21 -> 83 ;
84 [label=<gini = 0.0<br/>samples = 2<br/>value = [0, 0, 0, 0, 0, 0, 0, 0, 0, 0, 0, 0, 0, 0<br/>0, 0, 0, 0, 0, 0, 0, 0, 0, 0, 0, 0, 0, 0<br/>0, 0, 0, 0, 0, 0, 0, 0, 0, 0, 0, 0, 2, 0<br/>0, 0, 0, 0, 0, 0, 0, 0, 0, 0, 0, 0, 0, 0<br/>0, 0]<br/>class = 14_4>, fillcolor="#9839e5"] ;
20 -> 84 ;
85 [label=<gini = 0.0<br/>samples = 2<br/>value = [0, 0, 0, 0, 0, 0, 0, 0, 0, 0, 0, 0, 0, 0<br/>0, 0, 0, 0, 0, 0, 0, 0, 0, 0, 0, 0, 0, 0<br/>0, 0, 0, 0, 0, 0, 0, 0, 0, 0, 0, 0, 0, 0<br/>0, 2, 0, 0, 0, 0, 0, 0, 0, 0, 0, 0, 0, 0<br/>0, 0]<br/>class = 152>, fillcolor="#cb39e5"] ;
19 -> 85 ;
86 [label=<gini = 0.0<br/>samples = 2<br/>value = [0, 0, 0, 0, 0, 0, 0, 0, 0, 0, 0, 0, 0, 0<br/>0, 0, 0, 0, 0, 0, 0, 0, 0, 0, 0, 0, 0, 0<br/>0, 0, 0, 0, 0, 0, 0, 0, 0, 0, 0, 0, 0, 0<br/>0, 0, 0, 0, 0, 0, 0, 0, 0, 2, 0, 0, 0, 0<br/>0, 0]<br/>class = 222>, fillcolor="#e5396f"] ;
18 -> 86 ;
87 [label=<web &le; 0.5<br/>gini = 0.653<br/>samples = 7<br/>value = [0, 0, 0, 0, 0, 0, 0, 0, 0, 0, 2, 3, 2, 0<br/>0, 0, 0, 0, 0, 0, 0, 0, 0, 0, 0, 0, 0, 0<br/>0, 0, 0, 0, 0, 0, 0, 0, 0, 0, 0, 0, 0, 0<br/>0, 0, 0, 0, 0, 0, 0, 0, 0, 0, 0, 0, 0, 0<br/>0, 0]<br/>class = 111_7>, fillcolor="#e7fad7"] ;
17 -> 87 ;
88 [label=<method &le; 0.5<br/>gini = 0.611<br/>samples = 6<br/>value = [0, 0, 0, 0, 0, 0, 0, 0, 0, 0, 1, 3, 2, 0<br/>0, 0, 0, 0, 0, 0, 0, 0, 0, 0, 0, 0, 0, 0<br/>0, 0, 0, 0, 0, 0, 0, 0, 0, 0, 0, 0, 0, 0<br/>0, 0, 0, 0, 0, 0, 0, 0, 0, 0, 0, 0, 0, 0<br/>0, 0]<br/>class = 111_7>, fillcolor="#e1f8ce"] ;
87 -> 88 ;
89 [label=<atm &le; 0.5<br/>gini = 0.56<br/>samples = 5<br/>value = [0, 0, 0, 0, 0, 0, 0, 0, 0, 0, 1, 3, 1, 0<br/>0, 0, 0, 0, 0, 0, 0, 0, 0, 0, 0, 0, 0, 0<br/>0, 0, 0, 0, 0, 0, 0, 0, 0, 0, 0, 0, 0, 0<br/>0, 0, 0, 0, 0, 0, 0, 0, 0, 0, 0, 0, 0, 0<br/>0, 0]<br/>class = 111_7>, fillcolor="#c2f29c"] ;
88 -> 89 ;
90 [label=<other_bank &le; 0.5<br/>gini = 0.375<br/>samples = 4<br/>value = [0, 0, 0, 0, 0, 0, 0, 0, 0, 0, 1, 3, 0, 0<br/>0, 0, 0, 0, 0, 0, 0, 0, 0, 0, 0, 0, 0, 0<br/>0, 0, 0, 0, 0, 0, 0, 0, 0, 0, 0, 0, 0, 0<br/>0, 0, 0, 0, 0, 0, 0, 0, 0, 0, 0, 0, 0, 0<br/>0, 0]<br/>class = 111_7>, fillcolor="#aeee7b"] ;
89 -> 90 ;
91 [label=<bid &le; 0.5<br/>gini = 0.444<br/>samples = 3<br/>value = [0, 0, 0, 0, 0, 0, 0, 0, 0, 0, 1, 2, 0, 0<br/>0, 0, 0, 0, 0, 0, 0, 0, 0, 0, 0, 0, 0, 0<br/>0, 0, 0, 0, 0, 0, 0, 0, 0, 0, 0, 0, 0, 0<br/>0, 0, 0, 0, 0, 0, 0, 0, 0, 0, 0, 0, 0, 0<br/>0, 0]<br/>class = 111_7>, fillcolor="#c2f29c"] ;
90 -> 91 ;
92 [label=<auto &le; 0.5<br/>gini = 0.5<br/>samples = 2<br/>value = [0, 0, 0, 0, 0, 0, 0, 0, 0, 0, 1, 1, 0, 0<br/>0, 0, 0, 0, 0, 0, 0, 0, 0, 0, 0, 0, 0, 0<br/>0, 0, 0, 0, 0, 0, 0, 0, 0, 0, 0, 0, 0, 0<br/>0, 0, 0, 0, 0, 0, 0, 0, 0, 0, 0, 0, 0, 0<br/>0, 0]<br/>class = 111_6>, fillcolor="#ffffff"] ;
91 -> 92 ;
93 [label=<gini = 0.0<br/>samples = 1<br/>value = [0, 0, 0, 0, 0, 0, 0, 0, 0, 0, 1, 0, 0, 0<br/>0, 0, 0, 0, 0, 0, 0, 0, 0, 0, 0, 0, 0, 0<br/>0, 0, 0, 0, 0, 0, 0, 0, 0, 0, 0, 0, 0, 0<br/>0, 0, 0, 0, 0, 0, 0, 0, 0, 0, 0, 0, 0, 0<br/>0, 0]<br/>class = 111_6>, fillcolor="#98e539"] ;
92 -> 93 ;
94 [label=<gini = 0.0<br/>samples = 1<br/>value = [0, 0, 0, 0, 0, 0, 0, 0, 0, 0, 0, 1, 0, 0<br/>0, 0, 0, 0, 0, 0, 0, 0, 0, 0, 0, 0, 0, 0<br/>0, 0, 0, 0, 0, 0, 0, 0, 0, 0, 0, 0, 0, 0<br/>0, 0, 0, 0, 0, 0, 0, 0, 0, 0, 0, 0, 0, 0<br/>0, 0]<br/>class = 111_7>, fillcolor="#86e539"] ;
92 -> 94 ;
95 [label=<gini = 0.0<br/>samples = 1<br/>value = [0, 0, 0, 0, 0, 0, 0, 0, 0, 0, 0, 1, 0, 0<br/>0, 0, 0, 0, 0, 0, 0, 0, 0, 0, 0, 0, 0, 0<br/>0, 0, 0, 0, 0, 0, 0, 0, 0, 0, 0, 0, 0, 0<br/>0, 0, 0, 0, 0, 0, 0, 0, 0, 0, 0, 0, 0, 0<br/>0, 0]<br/>class = 111_7>, fillcolor="#86e539"] ;
91 -> 95 ;
96 [label=<gini = 0.0<br/>samples = 1<br/>value = [0, 0, 0, 0, 0, 0, 0, 0, 0, 0, 0, 1, 0, 0<br/>0, 0, 0, 0, 0, 0, 0, 0, 0, 0, 0, 0, 0, 0<br/>0, 0, 0, 0, 0, 0, 0, 0, 0, 0, 0, 0, 0, 0<br/>0, 0, 0, 0, 0, 0, 0, 0, 0, 0, 0, 0, 0, 0<br/>0, 0]<br/>class = 111_7>, fillcolor="#86e539"] ;
90 -> 96 ;
97 [label=<gini = 0.0<br/>samples = 1<br/>value = [0, 0, 0, 0, 0, 0, 0, 0, 0, 0, 0, 0, 1, 0<br/>0, 0, 0, 0, 0, 0, 0, 0, 0, 0, 0, 0, 0, 0<br/>0, 0, 0, 0, 0, 0, 0, 0, 0, 0, 0, 0, 0, 0<br/>0, 0, 0, 0, 0, 0, 0, 0, 0, 0, 0, 0, 0, 0<br/>0, 0]<br/>class = 111_8>, fillcolor="#75e539"] ;
89 -> 97 ;
98 [label=<gini = 0.0<br/>samples = 1<br/>value = [0, 0, 0, 0, 0, 0, 0, 0, 0, 0, 0, 0, 1, 0<br/>0, 0, 0, 0, 0, 0, 0, 0, 0, 0, 0, 0, 0, 0<br/>0, 0, 0, 0, 0, 0, 0, 0, 0, 0, 0, 0, 0, 0<br/>0, 0, 0, 0, 0, 0, 0, 0, 0, 0, 0, 0, 0, 0<br/>0, 0]<br/>class = 111_8>, fillcolor="#75e539"] ;
88 -> 98 ;
99 [label=<gini = 0.0<br/>samples = 1<br/>value = [0, 0, 0, 0, 0, 0, 0, 0, 0, 0, 1, 0, 0, 0<br/>0, 0, 0, 0, 0, 0, 0, 0, 0, 0, 0, 0, 0, 0<br/>0, 0, 0, 0, 0, 0, 0, 0, 0, 0, 0, 0, 0, 0<br/>0, 0, 0, 0, 0, 0, 0, 0, 0, 0, 0, 0, 0, 0<br/>0, 0]<br/>class = 111_6>, fillcolor="#98e539"] ;
87 -> 99 ;
100 [label=<gini = 0.0<br/>samples = 2<br/>value = [0, 0, 0, 0, 0, 0, 0, 0, 0, 2, 0, 0, 0, 0<br/>0, 0, 0, 0, 0, 0, 0, 0, 0, 0, 0, 0, 0, 0<br/>0, 0, 0, 0, 0, 0, 0, 0, 0, 0, 0, 0, 0, 0<br/>0, 0, 0, 0, 0, 0, 0, 0, 0, 0, 0, 0, 0, 0<br/>0, 0]<br/>class = 111_5>, fillcolor="#ace539"] ;
16 -> 100 ;
101 [label=<esun &le; 0.5<br/>gini = 0.911<br/>samples = 38<br/>value = [1, 0, 0, 0, 5, 0, 3, 1, 0, 2, 0, 0, 3, 0<br/>0, 7, 0, 2, 1, 0, 3, 0, 1, 2, 1, 1, 1, 0<br/>0, 0, 0, 0, 0, 0, 0, 0, 2, 2, 0, 0, 0, 0<br/>0, 0, 0, 0, 0, 0, 0, 0, 0, 0, 0, 0, 0, 0<br/>0, 0]<br/>class = 113_1>, fillcolor="#f3fdf3"] ;
15 -> 101 ;
102 [label=<account &le; 0.5<br/>gini = 0.903<br/>samples = 35<br/>value = [1, 0, 0, 0, 5, 0, 3, 1, 0, 2, 0, 0, 3, 0<br/>0, 7, 0, 2, 1, 0, 0, 0, 1, 2, 1, 1, 1, 0<br/>0, 0, 0, 0, 0, 0, 0, 0, 2, 2, 0, 0, 0, 0<br/>0, 0, 0, 0, 0, 0, 0, 0, 0, 0, 0, 0, 0, 0<br/>0, 0]<br/>class = 113_1>, fillcolor="#f2fdf2"] ;
101 -> 102 ;
103 [label=<already &le; 0.5<br/>gini = 0.894<br/>samples = 33<br/>value = [1, 0, 0, 0, 5, 0, 3, 1, 0, 2, 0, 0, 3, 0<br/>0, 7, 0, 2, 1, 0, 0, 0, 1, 2, 1, 1, 1, 0<br/>0, 0, 0, 0, 0, 0, 0, 0, 0, 2, 0, 0, 0, 0<br/>0, 0, 0, 0, 0, 0, 0, 0, 0, 0, 0, 0, 0, 0<br/>0, 0]<br/>class = 113_1>, fillcolor="#f1fdf1"] ;
102 -> 103 ;
104 [label=<deadline &le; 0.5<br/>gini = 0.889<br/>samples = 31<br/>value = [1, 0, 0, 0, 5, 0, 1, 1, 0, 2, 0, 0, 3, 0<br/>0, 7, 0, 2, 1, 0, 0, 0, 1, 2, 1, 1, 1, 0<br/>0, 0, 0, 0, 0, 0, 0, 0, 0, 2, 0, 0, 0, 0<br/>0, 0, 0, 0, 0, 0, 0, 0, 0, 0, 0, 0, 0, 0<br/>0, 0]<br/>class = 113_1>, fillcolor="#f0fdf0"] ;
103 -> 104 ;
105 [label=<money &le; 0.5<br/>gini = 0.881<br/>samples = 27<br/>value = [1, 0, 0, 0, 3, 0, 1, 1, 0, 2, 0, 0, 3, 0<br/>0, 7, 0, 0, 1, 0, 0, 0, 1, 2, 1, 1, 1, 0<br/>0, 0, 0, 0, 0, 0, 0, 0, 0, 2, 0, 0, 0, 0<br/>0, 0, 0, 0, 0, 0, 0, 0, 0, 0, 0, 0, 0, 0<br/>0, 0]<br/>class = 113_1>, fillcolor="#dffbde"] ;
104 -> 105 ;
106 [label=<pay &le; 0.5<br/>gini = 0.9<br/>samples = 23<br/>value = [1, 0, 0, 0, 3, 0, 1, 1, 0, 2, 0, 0, 3, 0<br/>0, 4, 0, 0, 1, 0, 0, 0, 1, 2, 1, 0, 1, 0<br/>0, 0, 0, 0, 0, 0, 0, 0, 0, 2, 0, 0, 0, 0<br/>0, 0, 0, 0, 0, 0, 0, 0, 0, 0, 0, 0, 0, 0<br/>0, 0]<br/>class = 113_1>, fillcolor="#f5fef5"] ;
105 -> 106 ;
107 [label=<loss &le; 0.5<br/>gini = 0.901<br/>samples = 18<br/>value = [1, 0, 0, 0, 3, 0, 1, 1, 0, 0, 0, 0, 2, 0<br/>0, 2, 0, 0, 1, 0, 0, 0, 1, 2, 1, 0, 1, 0<br/>0, 0, 0, 0, 0, 0, 0, 0, 0, 2, 0, 0, 0, 0<br/>0, 0, 0, 0, 0, 0, 0, 0, 0, 0, 0, 0, 0, 0<br/>0, 0]<br/>class = 10>, fillcolor="#fdfbf3"] ;
106 -> 107 ;
108 [label=<transaction &le; 0.5<br/>gini = 0.893<br/>samples = 17<br/>value = [0, 0, 0, 0, 3, 0, 1, 1, 0, 0, 0, 0, 2, 0<br/>0, 2, 0, 0, 1, 0, 0, 0, 1, 2, 1, 0, 1, 0<br/>0, 0, 0, 0, 0, 0, 0, 0, 0, 2, 0, 0, 0, 0<br/>0, 0, 0, 0, 0, 0, 0, 0, 0, 0, 0, 0, 0, 0<br/>0, 0]<br/>class = 10>, fillcolor="#fdfbf2"] ;
107 -> 108 ;
109 [label=<spend &le; 0.5<br/>gini = 0.883<br/>samples = 16<br/>value = [0, 0, 0, 0, 3, 0, 1, 1, 0, 0, 0, 0, 2, 0<br/>0, 2, 0, 0, 1, 0, 0, 0, 0, 2, 1, 0, 1, 0<br/>0, 0, 0, 0, 0, 0, 0, 0, 0, 2, 0, 0, 0, 0<br/>0, 0, 0, 0, 0, 0, 0, 0, 0, 0, 0, 0, 0, 0<br/>0, 0]<br/>class = 10>, fillcolor="#fdfbf1"] ;
108 -> 109 ;
110 [label=<date &le; 0.5<br/>gini = 0.871<br/>samples = 15<br/>value = [0, 0, 0, 0, 3, 0, 0, 1, 0, 0, 0, 0, 2, 0<br/>0, 2, 0, 0, 1, 0, 0, 0, 0, 2, 1, 0, 1, 0<br/>0, 0, 0, 0, 0, 0, 0, 0, 0, 2, 0, 0, 0, 0<br/>0, 0, 0, 0, 0, 0, 0, 0, 0, 0, 0, 0, 0, 0<br/>0, 0]<br/>class = 10>, fillcolor="#fdfbf0"] ;
109 -> 110 ;
111 [label=<email &le; 0.5<br/>gini = 0.857<br/>samples = 14<br/>value = [0, 0, 0, 0, 3, 0, 0, 0, 0, 0, 0, 0, 2, 0<br/>0, 2, 0, 0, 1, 0, 0, 0, 0, 2, 1, 0, 1, 0<br/>0, 0, 0, 0, 0, 0, 0, 0, 0, 2, 0, 0, 0, 0<br/>0, 0, 0, 0, 0, 0, 0, 0, 0, 0, 0, 0, 0, 0<br/>0, 0]<br/>class = 10>, fillcolor="#fdfaee"] ;
110 -> 111 ;
112 [label=<interest_rate &le; 0.5<br/>gini = 0.84<br/>samples = 13<br/>value = [0, 0, 0, 0, 3, 0, 0, 0, 0, 0, 0, 0, 2, 0<br/>0, 2, 0, 0, 0, 0, 0, 0, 0, 2, 1, 0, 1, 0<br/>0, 0, 0, 0, 0, 0, 0, 0, 0, 2, 0, 0, 0, 0<br/>0, 0, 0, 0, 0, 0, 0, 0, 0, 0, 0, 0, 0, 0<br/>0, 0]<br/>class = 10>, fillcolor="#fdfaed"] ;
111 -> 112 ;
113 [label=<activate &le; 0.5<br/>gini = 0.819<br/>samples = 12<br/>value = [0, 0, 0, 0, 3, 0, 0, 0, 0, 0, 0, 0, 2, 0<br/>0, 2, 0, 0, 0, 0, 0, 0, 0, 2, 1, 0, 0, 0<br/>0, 0, 0, 0, 0, 0, 0, 0, 0, 2, 0, 0, 0, 0<br/>0, 0, 0, 0, 0, 0, 0, 0, 0, 0, 0, 0, 0, 0<br/>0, 0]<br/>class = 10>, fillcolor="#fcf9eb"] ;
112 -> 113 ;
114 [label=<query &le; 0.5<br/>gini = 0.793<br/>samples = 11<br/>value = [0, 0, 0, 0, 3, 0, 0, 0, 0, 0, 0, 0, 2, 0<br/>0, 2, 0, 0, 0, 0, 0, 0, 0, 2, 0, 0, 0, 0<br/>0, 0, 0, 0, 0, 0, 0, 0, 0, 2, 0, 0, 0, 0<br/>0, 0, 0, 0, 0, 0, 0, 0, 0, 0, 0, 0, 0, 0<br/>0, 0]<br/>class = 10>, fillcolor="#fcf9e9"] ;
113 -> 114 ;
115 [label=<state &le; 0.5<br/>gini = 0.78<br/>samples = 10<br/>value = [0, 0, 0, 0, 3, 0, 0, 0, 0, 0, 0, 0, 2, 0<br/>0, 2, 0, 0, 0, 0, 0, 0, 0, 1, 0, 0, 0, 0<br/>0, 0, 0, 0, 0, 0, 0, 0, 0, 2, 0, 0, 0, 0<br/>0, 0, 0, 0, 0, 0, 0, 0, 0, 0, 0, 0, 0, 0<br/>0, 0]<br/>class = 10>, fillcolor="#fcf8e6"] ;
114 -> 115 ;
116 [label=<method &le; 0.5<br/>gini = 0.741<br/>samples = 9<br/>value = [0, 0, 0, 0, 3, 0, 0, 0, 0, 0, 0, 0, 2, 0<br/>0, 2, 0, 0, 0, 0, 0, 0, 0, 0, 0, 0, 0, 0<br/>0, 0, 0, 0, 0, 0, 0, 0, 0, 2, 0, 0, 0, 0<br/>0, 0, 0, 0, 0, 0, 0, 0, 0, 0, 0, 0, 0, 0<br/>0, 0]<br/>class = 10>, fillcolor="#fbf7e3"] ;
115 -> 116 ;
117 [label=<transfer &le; 0.5<br/>gini = 0.719<br/>samples = 8<br/>value = [0, 0, 0, 0, 3, 0, 0, 0, 0, 0, 0, 0, 1, 0<br/>0, 2, 0, 0, 0, 0, 0, 0, 0, 0, 0, 0, 0, 0<br/>0, 0, 0, 0, 0, 0, 0, 0, 0, 2, 0, 0, 0, 0<br/>0, 0, 0, 0, 0, 0, 0, 0, 0, 0, 0, 0, 0, 0<br/>0, 0]<br/>class = 10>, fillcolor="#fbf5de"] ;
116 -> 117 ;
118 [label=<discount &le; 0.5<br/>gini = 0.653<br/>samples = 7<br/>value = [0, 0, 0, 0, 3, 0, 0, 0, 0, 0, 0, 0, 0, 0<br/>0, 2, 0, 0, 0, 0, 0, 0, 0, 0, 0, 0, 0, 0<br/>0, 0, 0, 0, 0, 0, 0, 0, 0, 2, 0, 0, 0, 0<br/>0, 0, 0, 0, 0, 0, 0, 0, 0, 0, 0, 0, 0, 0<br/>0, 0]<br/>class = 10>, fillcolor="#faf3d7"] ;
117 -> 118 ;
119 [label=<miles &le; 0.5<br/>gini = 0.611<br/>samples = 6<br/>value = [0, 0, 0, 0, 3, 0, 0, 0, 0, 0, 0, 0, 0, 0<br/>0, 2, 0, 0, 0, 0, 0, 0, 0, 0, 0, 0, 0, 0<br/>0, 0, 0, 0, 0, 0, 0, 0, 0, 1, 0, 0, 0, 0<br/>0, 0, 0, 0, 0, 0, 0, 0, 0, 0, 0, 0, 0, 0<br/>0, 0]<br/>class = 10>, fillcolor="#f8f0ce"] ;
118 -> 119 ;
120 [label=<checkout &le; 0.5<br/>gini = 0.48<br/>samples = 5<br/>value = [0, 0, 0, 0, 3, 0, 0, 0, 0, 0, 0, 0, 0, 0<br/>0, 2, 0, 0, 0, 0, 0, 0, 0, 0, 0, 0, 0, 0<br/>0, 0, 0, 0, 0, 0, 0, 0, 0, 0, 0, 0, 0, 0<br/>0, 0, 0, 0, 0, 0, 0, 0, 0, 0, 0, 0, 0, 0<br/>0, 0]<br/>class = 10>, fillcolor="#f6ecbd"] ;
119 -> 120 ;
121 [label=<dept &le; 0.5<br/>gini = 0.375<br/>samples = 4<br/>value = [0, 0, 0, 0, 3, 0, 0, 0, 0, 0, 0, 0, 0, 0<br/>0, 1, 0, 0, 0, 0, 0, 0, 0, 0, 0, 0, 0, 0<br/>0, 0, 0, 0, 0, 0, 0, 0, 0, 0, 0, 0, 0, 0<br/>0, 0, 0, 0, 0, 0, 0, 0, 0, 0, 0, 0, 0, 0<br/>0, 0]<br/>class = 10>, fillcolor="#eed87b"] ;
120 -> 121 ;
122 [label=<gini = 0.0<br/>samples = 3<br/>value = [0, 0, 0, 0, 3, 0, 0, 0, 0, 0, 0, 0, 0, 0<br/>0, 0, 0, 0, 0, 0, 0, 0, 0, 0, 0, 0, 0, 0<br/>0, 0, 0, 0, 0, 0, 0, 0, 0, 0, 0, 0, 0, 0<br/>0, 0, 0, 0, 0, 0, 0, 0, 0, 0, 0, 0, 0, 0<br/>0, 0]<br/>class = 10>, fillcolor="#e5c539"] ;
121 -> 122 ;
123 [label=<gini = 0.0<br/>samples = 1<br/>value = [0, 0, 0, 0, 0, 0, 0, 0, 0, 0, 0, 0, 0, 0<br/>0, 1, 0, 0, 0, 0, 0, 0, 0, 0, 0, 0, 0, 0<br/>0, 0, 0, 0, 0, 0, 0, 0, 0, 0, 0, 0, 0, 0<br/>0, 0, 0, 0, 0, 0, 0, 0, 0, 0, 0, 0, 0, 0<br/>0, 0]<br/>class = 113_1>, fillcolor="#3fe539"] ;
121 -> 123 ;
124 [label=<gini = 0.0<br/>samples = 1<br/>value = [0, 0, 0, 0, 0, 0, 0, 0, 0, 0, 0, 0, 0, 0<br/>0, 1, 0, 0, 0, 0, 0, 0, 0, 0, 0, 0, 0, 0<br/>0, 0, 0, 0, 0, 0, 0, 0, 0, 0, 0, 0, 0, 0<br/>0, 0, 0, 0, 0, 0, 0, 0, 0, 0, 0, 0, 0, 0<br/>0, 0]<br/>class = 113_1>, fillcolor="#3fe539"] ;
120 -> 124 ;
125 [label=<gini = 0.0<br/>samples = 1<br/>value = [0, 0, 0, 0, 0, 0, 0, 0, 0, 0, 0, 0, 0, 0<br/>0, 0, 0, 0, 0, 0, 0, 0, 0, 0, 0, 0, 0, 0<br/>0, 0, 0, 0, 0, 0, 0, 0, 0, 1, 0, 0, 0, 0<br/>0, 0, 0, 0, 0, 0, 0, 0, 0, 0, 0, 0, 0, 0<br/>0, 0]<br/>class = 14_1>, fillcolor="#6139e5"] ;
119 -> 125 ;
126 [label=<gini = 0.0<br/>samples = 1<br/>value = [0, 0, 0, 0, 0, 0, 0, 0, 0, 0, 0, 0, 0, 0<br/>0, 0, 0, 0, 0, 0, 0, 0, 0, 0, 0, 0, 0, 0<br/>0, 0, 0, 0, 0, 0, 0, 0, 0, 1, 0, 0, 0, 0<br/>0, 0, 0, 0, 0, 0, 0, 0, 0, 0, 0, 0, 0, 0<br/>0, 0]<br/>class = 14_1>, fillcolor="#6139e5"] ;
118 -> 126 ;
127 [label=<gini = 0.0<br/>samples = 1<br/>value = [0, 0, 0, 0, 0, 0, 0, 0, 0, 0, 0, 0, 1, 0<br/>0, 0, 0, 0, 0, 0, 0, 0, 0, 0, 0, 0, 0, 0<br/>0, 0, 0, 0, 0, 0, 0, 0, 0, 0, 0, 0, 0, 0<br/>0, 0, 0, 0, 0, 0, 0, 0, 0, 0, 0, 0, 0, 0<br/>0, 0]<br/>class = 111_8>, fillcolor="#75e539"] ;
117 -> 127 ;
128 [label=<gini = 0.0<br/>samples = 1<br/>value = [0, 0, 0, 0, 0, 0, 0, 0, 0, 0, 0, 0, 1, 0<br/>0, 0, 0, 0, 0, 0, 0, 0, 0, 0, 0, 0, 0, 0<br/>0, 0, 0, 0, 0, 0, 0, 0, 0, 0, 0, 0, 0, 0<br/>0, 0, 0, 0, 0, 0, 0, 0, 0, 0, 0, 0, 0, 0<br/>0, 0]<br/>class = 111_8>, fillcolor="#75e539"] ;
116 -> 128 ;
129 [label=<gini = 0.0<br/>samples = 1<br/>value = [0, 0, 0, 0, 0, 0, 0, 0, 0, 0, 0, 0, 0, 0<br/>0, 0, 0, 0, 0, 0, 0, 0, 0, 1, 0, 0, 0, 0<br/>0, 0, 0, 0, 0, 0, 0, 0, 0, 0, 0, 0, 0, 0<br/>0, 0, 0, 0, 0, 0, 0, 0, 0, 0, 0, 0, 0, 0<br/>0, 0]<br/>class = 121>, fillcolor="#39e5c0"] ;
115 -> 129 ;
130 [label=<gini = 0.0<br/>samples = 1<br/>value = [0, 0, 0, 0, 0, 0, 0, 0, 0, 0, 0, 0, 0, 0<br/>0, 0, 0, 0, 0, 0, 0, 0, 0, 1, 0, 0, 0, 0<br/>0, 0, 0, 0, 0, 0, 0, 0, 0, 0, 0, 0, 0, 0<br/>0, 0, 0, 0, 0, 0, 0, 0, 0, 0, 0, 0, 0, 0<br/>0, 0]<br/>class = 121>, fillcolor="#39e5c0"] ;
114 -> 130 ;
131 [label=<gini = 0.0<br/>samples = 1<br/>value = [0, 0, 0, 0, 0, 0, 0, 0, 0, 0, 0, 0, 0, 0<br/>0, 0, 0, 0, 0, 0, 0, 0, 0, 0, 1, 0, 0, 0<br/>0, 0, 0, 0, 0, 0, 0, 0, 0, 0, 0, 0, 0, 0<br/>0, 0, 0, 0, 0, 0, 0, 0, 0, 0, 0, 0, 0, 0<br/>0, 0]<br/>class = 123>, fillcolor="#39e5d1"] ;
113 -> 131 ;
132 [label=<gini = 0.0<br/>samples = 1<br/>value = [0, 0, 0, 0, 0, 0, 0, 0, 0, 0, 0, 0, 0, 0<br/>0, 0, 0, 0, 0, 0, 0, 0, 0, 0, 0, 0, 1, 0<br/>0, 0, 0, 0, 0, 0, 0, 0, 0, 0, 0, 0, 0, 0<br/>0, 0, 0, 0, 0, 0, 0, 0, 0, 0, 0, 0, 0, 0<br/>0, 0]<br/>class = 132_1>, fillcolor="#39d4e5"] ;
112 -> 132 ;
133 [label=<gini = 0.0<br/>samples = 1<br/>value = [0, 0, 0, 0, 0, 0, 0, 0, 0, 0, 0, 0, 0, 0<br/>0, 0, 0, 0, 1, 0, 0, 0, 0, 0, 0, 0, 0, 0<br/>0, 0, 0, 0, 0, 0, 0, 0, 0, 0, 0, 0, 0, 0<br/>0, 0, 0, 0, 0, 0, 0, 0, 0, 0, 0, 0, 0, 0<br/>0, 0]<br/>class = 114_1>, fillcolor="#39e567"] ;
111 -> 133 ;
134 [label=<gini = 0.0<br/>samples = 1<br/>value = [0, 0, 0, 0, 0, 0, 0, 1, 0, 0, 0, 0, 0, 0<br/>0, 0, 0, 0, 0, 0, 0, 0, 0, 0, 0, 0, 0, 0<br/>0, 0, 0, 0, 0, 0, 0, 0, 0, 0, 0, 0, 0, 0<br/>0, 0, 0, 0, 0, 0, 0, 0, 0, 0, 0, 0, 0, 0<br/>0, 0]<br/>class = 111_3>, fillcolor="#cee539"] ;
110 -> 134 ;
135 [label=<gini = 0.0<br/>samples = 1<br/>value = [0, 0, 0, 0, 0, 0, 1, 0, 0, 0, 0, 0, 0, 0<br/>0, 0, 0, 0, 0, 0, 0, 0, 0, 0, 0, 0, 0, 0<br/>0, 0, 0, 0, 0, 0, 0, 0, 0, 0, 0, 0, 0, 0<br/>0, 0, 0, 0, 0, 0, 0, 0, 0, 0, 0, 0, 0, 0<br/>0, 0]<br/>class = 111_2>, fillcolor="#dfe539"] ;
109 -> 135 ;
136 [label=<gini = 0.0<br/>samples = 1<br/>value = [0, 0, 0, 0, 0, 0, 0, 0, 0, 0, 0, 0, 0, 0<br/>0, 0, 0, 0, 0, 0, 0, 0, 1, 0, 0, 0, 0, 0<br/>0, 0, 0, 0, 0, 0, 0, 0, 0, 0, 0, 0, 0, 0<br/>0, 0, 0, 0, 0, 0, 0, 0, 0, 0, 0, 0, 0, 0<br/>0, 0]<br/>class = 118>, fillcolor="#39e5ae"] ;
108 -> 136 ;
137 [label=<gini = 0.0<br/>samples = 1<br/>value = [1, 0, 0, 0, 0, 0, 0, 0, 0, 0, 0, 0, 0, 0<br/>0, 0, 0, 0, 0, 0, 0, 0, 0, 0, 0, 0, 0, 0<br/>0, 0, 0, 0, 0, 0, 0, 0, 0, 0, 0, 0, 0, 0<br/>0, 0, 0, 0, 0, 0, 0, 0, 0, 0, 0, 0, 0, 0<br/>0, 0]<br/>class = *10>, fillcolor="#e58139"] ;
107 -> 137 ;
138 [label=<how &le; 0.5<br/>gini = 0.64<br/>samples = 5<br/>value = [0, 0, 0, 0, 0, 0, 0, 0, 0, 2, 0, 0, 1, 0<br/>0, 2, 0, 0, 0, 0, 0, 0, 0, 0, 0, 0, 0, 0<br/>0, 0, 0, 0, 0, 0, 0, 0, 0, 0, 0, 0, 0, 0<br/>0, 0, 0, 0, 0, 0, 0, 0, 0, 0, 0, 0, 0, 0<br/>0, 0]<br/>class = 111_5>, fillcolor="#ffffff"] ;
106 -> 138 ;
139 [label=<how_much &le; 0.5<br/>gini = 0.5<br/>samples = 4<br/>value = [0, 0, 0, 0, 0, 0, 0, 0, 0, 2, 0, 0, 0, 0<br/>0, 2, 0, 0, 0, 0, 0, 0, 0, 0, 0, 0, 0, 0<br/>0, 0, 0, 0, 0, 0, 0, 0, 0, 0, 0, 0, 0, 0<br/>0, 0, 0, 0, 0, 0, 0, 0, 0, 0, 0, 0, 0, 0<br/>0, 0]<br/>class = 111_5>, fillcolor="#ffffff"] ;
138 -> 139 ;
140 [label=<nagative &le; 0.5<br/>gini = 0.444<br/>samples = 3<br/>value = [0, 0, 0, 0, 0, 0, 0, 0, 0, 2, 0, 0, 0, 0<br/>0, 1, 0, 0, 0, 0, 0, 0, 0, 0, 0, 0, 0, 0<br/>0, 0, 0, 0, 0, 0, 0, 0, 0, 0, 0, 0, 0, 0<br/>0, 0, 0, 0, 0, 0, 0, 0, 0, 0, 0, 0, 0, 0<br/>0, 0]<br/>class = 111_5>, fillcolor="#d6f29c"] ;
139 -> 140 ;
141 [label=<gini = 0.0<br/>samples = 2<br/>value = [0, 0, 0, 0, 0, 0, 0, 0, 0, 2, 0, 0, 0, 0<br/>0, 0, 0, 0, 0, 0, 0, 0, 0, 0, 0, 0, 0, 0<br/>0, 0, 0, 0, 0, 0, 0, 0, 0, 0, 0, 0, 0, 0<br/>0, 0, 0, 0, 0, 0, 0, 0, 0, 0, 0, 0, 0, 0<br/>0, 0]<br/>class = 111_5>, fillcolor="#ace539"] ;
140 -> 141 ;
142 [label=<gini = 0.0<br/>samples = 1<br/>value = [0, 0, 0, 0, 0, 0, 0, 0, 0, 0, 0, 0, 0, 0<br/>0, 1, 0, 0, 0, 0, 0, 0, 0, 0, 0, 0, 0, 0<br/>0, 0, 0, 0, 0, 0, 0, 0, 0, 0, 0, 0, 0, 0<br/>0, 0, 0, 0, 0, 0, 0, 0, 0, 0, 0, 0, 0, 0<br/>0, 0]<br/>class = 113_1>, fillcolor="#3fe539"] ;
140 -> 142 ;
143 [label=<gini = 0.0<br/>samples = 1<br/>value = [0, 0, 0, 0, 0, 0, 0, 0, 0, 0, 0, 0, 0, 0<br/>0, 1, 0, 0, 0, 0, 0, 0, 0, 0, 0, 0, 0, 0<br/>0, 0, 0, 0, 0, 0, 0, 0, 0, 0, 0, 0, 0, 0<br/>0, 0, 0, 0, 0, 0, 0, 0, 0, 0, 0, 0, 0, 0<br/>0, 0]<br/>class = 113_1>, fillcolor="#3fe539"] ;
139 -> 143 ;
144 [label=<gini = 0.0<br/>samples = 1<br/>value = [0, 0, 0, 0, 0, 0, 0, 0, 0, 0, 0, 0, 1, 0<br/>0, 0, 0, 0, 0, 0, 0, 0, 0, 0, 0, 0, 0, 0<br/>0, 0, 0, 0, 0, 0, 0, 0, 0, 0, 0, 0, 0, 0<br/>0, 0, 0, 0, 0, 0, 0, 0, 0, 0, 0, 0, 0, 0<br/>0, 0]<br/>class = 111_8>, fillcolor="#75e539"] ;
138 -> 144 ;
145 [label=<need &le; 0.5<br/>gini = 0.375<br/>samples = 4<br/>value = [0, 0, 0, 0, 0, 0, 0, 0, 0, 0, 0, 0, 0, 0<br/>0, 3, 0, 0, 0, 0, 0, 0, 0, 0, 0, 1, 0, 0<br/>0, 0, 0, 0, 0, 0, 0, 0, 0, 0, 0, 0, 0, 0<br/>0, 0, 0, 0, 0, 0, 0, 0, 0, 0, 0, 0, 0, 0<br/>0, 0]<br/>class = 113_1>, fillcolor="#7fee7b"] ;
105 -> 145 ;
146 [label=<gini = 0.0<br/>samples = 3<br/>value = [0, 0, 0, 0, 0, 0, 0, 0, 0, 0, 0, 0, 0, 0<br/>0, 3, 0, 0, 0, 0, 0, 0, 0, 0, 0, 0, 0, 0<br/>0, 0, 0, 0, 0, 0, 0, 0, 0, 0, 0, 0, 0, 0<br/>0, 0, 0, 0, 0, 0, 0, 0, 0, 0, 0, 0, 0, 0<br/>0, 0]<br/>class = 113_1>, fillcolor="#3fe539"] ;
145 -> 146 ;
147 [label=<gini = 0.0<br/>samples = 1<br/>value = [0, 0, 0, 0, 0, 0, 0, 0, 0, 0, 0, 0, 0, 0<br/>0, 0, 0, 0, 0, 0, 0, 0, 0, 0, 0, 1, 0, 0<br/>0, 0, 0, 0, 0, 0, 0, 0, 0, 0, 0, 0, 0, 0<br/>0, 0, 0, 0, 0, 0, 0, 0, 0, 0, 0, 0, 0, 0<br/>0, 0]<br/>class = 131>, fillcolor="#39e5e5"] ;
145 -> 147 ;
148 [label=<pay &le; 0.5<br/>gini = 0.5<br/>samples = 4<br/>value = [0, 0, 0, 0, 2, 0, 0, 0, 0, 0, 0, 0, 0, 0<br/>0, 0, 0, 2, 0, 0, 0, 0, 0, 0, 0, 0, 0, 0<br/>0, 0, 0, 0, 0, 0, 0, 0, 0, 0, 0, 0, 0, 0<br/>0, 0, 0, 0, 0, 0, 0, 0, 0, 0, 0, 0, 0, 0<br/>0, 0]<br/>class = 10>, fillcolor="#ffffff"] ;
104 -> 148 ;
149 [label=<gini = 0.0<br/>samples = 2<br/>value = [0, 0, 0, 0, 2, 0, 0, 0, 0, 0, 0, 0, 0, 0<br/>0, 0, 0, 0, 0, 0, 0, 0, 0, 0, 0, 0, 0, 0<br/>0, 0, 0, 0, 0, 0, 0, 0, 0, 0, 0, 0, 0, 0<br/>0, 0, 0, 0, 0, 0, 0, 0, 0, 0, 0, 0, 0, 0<br/>0, 0]<br/>class = 10>, fillcolor="#e5c539"] ;
148 -> 149 ;
150 [label=<gini = 0.0<br/>samples = 2<br/>value = [0, 0, 0, 0, 0, 0, 0, 0, 0, 0, 0, 0, 0, 0<br/>0, 0, 0, 2, 0, 0, 0, 0, 0, 0, 0, 0, 0, 0<br/>0, 0, 0, 0, 0, 0, 0, 0, 0, 0, 0, 0, 0, 0<br/>0, 0, 0, 0, 0, 0, 0, 0, 0, 0, 0, 0, 0, 0<br/>0, 0]<br/>class = 113_3>, fillcolor="#39e556"] ;
148 -> 150 ;
151 [label=<gini = 0.0<br/>samples = 2<br/>value = [0, 0, 0, 0, 0, 0, 2, 0, 0, 0, 0, 0, 0, 0<br/>0, 0, 0, 0, 0, 0, 0, 0, 0, 0, 0, 0, 0, 0<br/>0, 0, 0, 0, 0, 0, 0, 0, 0, 0, 0, 0, 0, 0<br/>0, 0, 0, 0, 0, 0, 0, 0, 0, 0, 0, 0, 0, 0<br/>0, 0]<br/>class = 111_2>, fillcolor="#dfe539"] ;
103 -> 151 ;
152 [label=<gini = 0.0<br/>samples = 2<br/>value = [0, 0, 0, 0, 0, 0, 0, 0, 0, 0, 0, 0, 0, 0<br/>0, 0, 0, 0, 0, 0, 0, 0, 0, 0, 0, 0, 0, 0<br/>0, 0, 0, 0, 0, 0, 0, 0, 2, 0, 0, 0, 0, 0<br/>0, 0, 0, 0, 0, 0, 0, 0, 0, 0, 0, 0, 0, 0<br/>0, 0]<br/>class = 136>, fillcolor="#5039e5"] ;
102 -> 152 ;
153 [label=<gini = 0.0<br/>samples = 3<br/>value = [0, 0, 0, 0, 0, 0, 0, 0, 0, 0, 0, 0, 0, 0<br/>0, 0, 0, 0, 0, 0, 3, 0, 0, 0, 0, 0, 0, 0<br/>0, 0, 0, 0, 0, 0, 0, 0, 0, 0, 0, 0, 0, 0<br/>0, 0, 0, 0, 0, 0, 0, 0, 0, 0, 0, 0, 0, 0<br/>0, 0]<br/>class = 116>, fillcolor="#39e58c"] ;
101 -> 153 ;
154 [label=<insurance &le; 0.5<br/>gini = 0.744<br/>samples = 11<br/>value = [0, 0, 0, 0, 0, 0, 0, 0, 0, 0, 0, 0, 0, 0<br/>0, 0, 0, 0, 0, 0, 0, 0, 0, 0, 0, 0, 5, 1<br/>1, 1, 1, 1, 1, 0, 0, 0, 0, 0, 0, 0, 0, 0<br/>0, 0, 0, 0, 0, 0, 0, 0, 0, 0, 0, 0, 0, 0<br/>0, 0]<br/>class = 132_1>, fillcolor="#b0eef5"] ;
14 -> 154 ;
155 [label=<tuition &le; 0.5<br/>gini = 0.449<br/>samples = 7<br/>value = [0, 0, 0, 0, 0, 0, 0, 0, 0, 0, 0, 0, 0, 0<br/>0, 0, 0, 0, 0, 0, 0, 0, 0, 0, 0, 0, 5, 1<br/>0, 0, 0, 0, 1, 0, 0, 0, 0, 0, 0, 0, 0, 0<br/>0, 0, 0, 0, 0, 0, 0, 0, 0, 0, 0, 0, 0, 0<br/>0, 0]<br/>class = 132_1>, fillcolor="#7be2ee"] ;
154 -> 155 ;
156 [label=<web &le; 0.5<br/>gini = 0.278<br/>samples = 6<br/>value = [0, 0, 0, 0, 0, 0, 0, 0, 0, 0, 0, 0, 0, 0<br/>0, 0, 0, 0, 0, 0, 0, 0, 0, 0, 0, 0, 5, 1<br/>0, 0, 0, 0, 0, 0, 0, 0, 0, 0, 0, 0, 0, 0<br/>0, 0, 0, 0, 0, 0, 0, 0, 0, 0, 0, 0, 0, 0<br/>0, 0]<br/>class = 132_1>, fillcolor="#61ddea"] ;
155 -> 156 ;
157 [label=<gini = 0.0<br/>samples = 5<br/>value = [0, 0, 0, 0, 0, 0, 0, 0, 0, 0, 0, 0, 0, 0<br/>0, 0, 0, 0, 0, 0, 0, 0, 0, 0, 0, 0, 5, 0<br/>0, 0, 0, 0, 0, 0, 0, 0, 0, 0, 0, 0, 0, 0<br/>0, 0, 0, 0, 0, 0, 0, 0, 0, 0, 0, 0, 0, 0<br/>0, 0]<br/>class = 132_1>, fillcolor="#39d4e5"] ;
156 -> 157 ;
158 [label=<gini = 0.0<br/>samples = 1<br/>value = [0, 0, 0, 0, 0, 0, 0, 0, 0, 0, 0, 0, 0, 0<br/>0, 0, 0, 0, 0, 0, 0, 0, 0, 0, 0, 0, 0, 1<br/>0, 0, 0, 0, 0, 0, 0, 0, 0, 0, 0, 0, 0, 0<br/>0, 0, 0, 0, 0, 0, 0, 0, 0, 0, 0, 0, 0, 0<br/>0, 0]<br/>class = 132_2>, fillcolor="#39c3e5"] ;
156 -> 158 ;
159 [label=<gini = 0.0<br/>samples = 1<br/>value = [0, 0, 0, 0, 0, 0, 0, 0, 0, 0, 0, 0, 0, 0<br/>0, 0, 0, 0, 0, 0, 0, 0, 0, 0, 0, 0, 0, 0<br/>0, 0, 0, 0, 1, 0, 0, 0, 0, 0, 0, 0, 0, 0<br/>0, 0, 0, 0, 0, 0, 0, 0, 0, 0, 0, 0, 0, 0<br/>0, 0]<br/>class = 132_7>, fillcolor="#396ae5"] ;
155 -> 159 ;
160 [label=<gini = 0.75<br/>samples = 4<br/>value = [0, 0, 0, 0, 0, 0, 0, 0, 0, 0, 0, 0, 0, 0<br/>0, 0, 0, 0, 0, 0, 0, 0, 0, 0, 0, 0, 0, 0<br/>1, 1, 1, 1, 0, 0, 0, 0, 0, 0, 0, 0, 0, 0<br/>0, 0, 0, 0, 0, 0, 0, 0, 0, 0, 0, 0, 0, 0<br/>0, 0]<br/>class = 132_3>, fillcolor="#ffffff"] ;
154 -> 160 ;
161 [label=<credit_card &le; 0.5<br/>gini = 0.571<br/>samples = 7<br/>value = [0, 0, 0, 0, 0, 0, 0, 0, 0, 0, 0, 0, 0, 0<br/>0, 0, 0, 0, 0, 0, 0, 0, 0, 0, 0, 4, 0, 0<br/>0, 0, 0, 0, 0, 0, 0, 0, 0, 0, 0, 0, 0, 0<br/>0, 0, 0, 0, 0, 0, 0, 0, 0, 0, 0, 0, 1, 2<br/>0, 0]<br/>class = 131>, fillcolor="#b0f5f5"] ;
13 -> 161 ;
162 [label=<forward &le; 0.5<br/>gini = 0.444<br/>samples = 3<br/>value = [0, 0, 0, 0, 0, 0, 0, 0, 0, 0, 0, 0, 0, 0<br/>0, 0, 0, 0, 0, 0, 0, 0, 0, 0, 0, 0, 0, 0<br/>0, 0, 0, 0, 0, 0, 0, 0, 0, 0, 0, 0, 0, 0<br/>0, 0, 0, 0, 0, 0, 0, 0, 0, 0, 0, 0, 1, 2<br/>0, 0]<br/>class = 242>, fillcolor="#f2a49c"] ;
161 -> 162 ;
163 [label=<gini = 0.0<br/>samples = 2<br/>value = [0, 0, 0, 0, 0, 0, 0, 0, 0, 0, 0, 0, 0, 0<br/>0, 0, 0, 0, 0, 0, 0, 0, 0, 0, 0, 0, 0, 0<br/>0, 0, 0, 0, 0, 0, 0, 0, 0, 0, 0, 0, 0, 0<br/>0, 0, 0, 0, 0, 0, 0, 0, 0, 0, 0, 0, 0, 2<br/>0, 0]<br/>class = 242>, fillcolor="#e54a39"] ;
162 -> 163 ;
164 [label=<gini = 0.0<br/>samples = 1<br/>value = [0, 0, 0, 0, 0, 0, 0, 0, 0, 0, 0, 0, 0, 0<br/>0, 0, 0, 0, 0, 0, 0, 0, 0, 0, 0, 0, 0, 0<br/>0, 0, 0, 0, 0, 0, 0, 0, 0, 0, 0, 0, 0, 0<br/>0, 0, 0, 0, 0, 0, 0, 0, 0, 0, 0, 0, 1, 0<br/>0, 0]<br/>class = 241>, fillcolor="#e53939"] ;
162 -> 164 ;
165 [label=<gini = 0.0<br/>samples = 4<br/>value = [0, 0, 0, 0, 0, 0, 0, 0, 0, 0, 0, 0, 0, 0<br/>0, 0, 0, 0, 0, 0, 0, 0, 0, 0, 0, 4, 0, 0<br/>0, 0, 0, 0, 0, 0, 0, 0, 0, 0, 0, 0, 0, 0<br/>0, 0, 0, 0, 0, 0, 0, 0, 0, 0, 0, 0, 0, 0<br/>0, 0]<br/>class = 131>, fillcolor="#39e5e5"] ;
161 -> 165 ;
166 [label=<gini = 0.0<br/>samples = 3<br/>value = [0, 0, 0, 0, 0, 0, 0, 0, 0, 0, 0, 0, 0, 0<br/>0, 0, 0, 0, 0, 0, 0, 0, 0, 0, 0, 3, 0, 0<br/>0, 0, 0, 0, 0, 0, 0, 0, 0, 0, 0, 0, 0, 0<br/>0, 0, 0, 0, 0, 0, 0, 0, 0, 0, 0, 0, 0, 0<br/>0, 0]<br/>class = 131>, fillcolor="#39e5e5"] ;
12 -> 166 ;
167 [label=<gini = 0.0<br/>samples = 3<br/>value = [0, 0, 0, 0, 0, 0, 0, 0, 0, 0, 0, 0, 0, 0<br/>0, 0, 0, 3, 0, 0, 0, 0, 0, 0, 0, 0, 0, 0<br/>0, 0, 0, 0, 0, 0, 0, 0, 0, 0, 0, 0, 0, 0<br/>0, 0, 0, 0, 0, 0, 0, 0, 0, 0, 0, 0, 0, 0<br/>0, 0]<br/>class = 113_3>, fillcolor="#39e556"] ;
11 -> 167 ;
168 [label=<gini = 0.0<br/>samples = 3<br/>value = [0, 0, 0, 0, 0, 0, 0, 0, 0, 0, 0, 0, 0, 0<br/>0, 0, 3, 0, 0, 0, 0, 0, 0, 0, 0, 0, 0, 0<br/>0, 0, 0, 0, 0, 0, 0, 0, 0, 0, 0, 0, 0, 0<br/>0, 0, 0, 0, 0, 0, 0, 0, 0, 0, 0, 0, 0, 0<br/>0, 0]<br/>class = 113_2>, fillcolor="#39e544"] ;
10 -> 168 ;
169 [label=<gini = 0.0<br/>samples = 4<br/>value = [0, 0, 0, 0, 0, 0, 0, 0, 0, 0, 0, 0, 0, 0<br/>0, 0, 0, 0, 0, 0, 0, 0, 0, 0, 0, 0, 0, 0<br/>0, 0, 0, 0, 0, 0, 0, 0, 0, 0, 0, 0, 0, 0<br/>0, 0, 0, 0, 0, 4, 0, 0, 0, 0, 0, 0, 0, 0<br/>0, 0]<br/>class = 212>, fillcolor="#e539b7"] ;
9 -> 169 ;
170 [label=<gini = 0.0<br/>samples = 4<br/>value = [0, 0, 0, 0, 0, 0, 0, 0, 0, 0, 0, 0, 0, 0<br/>0, 0, 0, 0, 0, 0, 0, 0, 0, 0, 0, 0, 0, 0<br/>0, 0, 0, 0, 0, 0, 0, 0, 0, 0, 0, 0, 0, 0<br/>0, 0, 0, 0, 4, 0, 0, 0, 0, 0, 0, 0, 0, 0<br/>0, 0]<br/>class = 211>, fillcolor="#e539c8"] ;
8 -> 170 ;
171 [label=<doubt &le; 0.5<br/>gini = 0.693<br/>samples = 15<br/>value = [0, 0, 0, 0, 0, 2, 0, 0, 0, 0, 0, 0, 0, 5<br/>6, 0, 0, 0, 0, 0, 0, 0, 0, 0, 0, 2, 0, 0<br/>0, 0, 0, 0, 0, 0, 0, 0, 0, 0, 0, 0, 0, 0<br/>0, 0, 0, 0, 0, 0, 0, 0, 0, 0, 0, 0, 0, 0<br/>0, 0]<br/>class = 1122>, fillcolor="#eefceb"] ;
7 -> 171 ;
172 [label=<current &le; 0.5<br/>gini = 0.686<br/>samples = 13<br/>value = [0, 0, 0, 0, 0, 2, 0, 0, 0, 0, 0, 0, 0, 3<br/>6, 0, 0, 0, 0, 0, 0, 0, 0, 0, 0, 2, 0, 0<br/>0, 0, 0, 0, 0, 0, 0, 0, 0, 0, 0, 0, 0, 0<br/>0, 0, 0, 0, 0, 0, 0, 0, 0, 0, 0, 0, 0, 0<br/>0, 0]<br/>class = 1122>, fillcolor="#cbf7c4"] ;
171 -> 172 ;
173 [label=<spend &le; 0.5<br/>gini = 0.628<br/>samples = 11<br/>value = [0, 0, 0, 0, 0, 2, 0, 0, 0, 0, 0, 0, 0, 1<br/>6, 0, 0, 0, 0, 0, 0, 0, 0, 0, 0, 2, 0, 0<br/>0, 0, 0, 0, 0, 0, 0, 0, 0, 0, 0, 0, 0, 0<br/>0, 0, 0, 0, 0, 0, 0, 0, 0, 0, 0, 0, 0, 0<br/>0, 0]<br/>class = 1122>, fillcolor="#b3f3a7"] ;
172 -> 173 ;
174 [label=<card_loan &le; 0.5<br/>gini = 0.56<br/>samples = 10<br/>value = [0, 0, 0, 0, 0, 2, 0, 0, 0, 0, 0, 0, 0, 0<br/>6, 0, 0, 0, 0, 0, 0, 0, 0, 0, 0, 2, 0, 0<br/>0, 0, 0, 0, 0, 0, 0, 0, 0, 0, 0, 0, 0, 0<br/>0, 0, 0, 0, 0, 0, 0, 0, 0, 0, 0, 0, 0, 0<br/>0, 0]<br/>class = 1122>, fillcolor="#a9f29c"] ;
173 -> 174 ;
175 [label=<loan &le; 0.5<br/>gini = 0.494<br/>samples = 9<br/>value = [0, 0, 0, 0, 0, 2, 0, 0, 0, 0, 0, 0, 0, 0<br/>6, 0, 0, 0, 0, 0, 0, 0, 0, 0, 0, 1, 0, 0<br/>0, 0, 0, 0, 0, 0, 0, 0, 0, 0, 0, 0, 0, 0<br/>0, 0, 0, 0, 0, 0, 0, 0, 0, 0, 0, 0, 0, 0<br/>0, 0]<br/>class = 1122>, fillcolor="#9df08e"] ;
174 -> 175 ;
176 [label=<transaction &le; 0.5<br/>gini = 0.375<br/>samples = 8<br/>value = [0, 0, 0, 0, 0, 2, 0, 0, 0, 0, 0, 0, 0, 0<br/>6, 0, 0, 0, 0, 0, 0, 0, 0, 0, 0, 0, 0, 0<br/>0, 0, 0, 0, 0, 0, 0, 0, 0, 0, 0, 0, 0, 0<br/>0, 0, 0, 0, 0, 0, 0, 0, 0, 0, 0, 0, 0, 0<br/>0, 0]<br/>class = 1122>, fillcolor="#8cee7b"] ;
175 -> 176 ;
177 [label=<credit_card &le; 0.5<br/>gini = 0.245<br/>samples = 7<br/>value = [0, 0, 0, 0, 0, 1, 0, 0, 0, 0, 0, 0, 0, 0<br/>6, 0, 0, 0, 0, 0, 0, 0, 0, 0, 0, 0, 0, 0<br/>0, 0, 0, 0, 0, 0, 0, 0, 0, 0, 0, 0, 0, 0<br/>0, 0, 0, 0, 0, 0, 0, 0, 0, 0, 0, 0, 0, 0<br/>0, 0]<br/>class = 1122>, fillcolor="#70e95a"] ;
176 -> 177 ;
178 [label=<gini = 0.0<br/>samples = 2<br/>value = [0, 0, 0, 0, 0, 0, 0, 0, 0, 0, 0, 0, 0, 0<br/>2, 0, 0, 0, 0, 0, 0, 0, 0, 0, 0, 0, 0, 0<br/>0, 0, 0, 0, 0, 0, 0, 0, 0, 0, 0, 0, 0, 0<br/>0, 0, 0, 0, 0, 0, 0, 0, 0, 0, 0, 0, 0, 0<br/>0, 0]<br/>class = 1122>, fillcolor="#53e539"] ;
177 -> 178 ;
179 [label=<over &le; 0.5<br/>gini = 0.32<br/>samples = 5<br/>value = [0, 0, 0, 0, 0, 1, 0, 0, 0, 0, 0, 0, 0, 0<br/>4, 0, 0, 0, 0, 0, 0, 0, 0, 0, 0, 0, 0, 0<br/>0, 0, 0, 0, 0, 0, 0, 0, 0, 0, 0, 0, 0, 0<br/>0, 0, 0, 0, 0, 0, 0, 0, 0, 0, 0, 0, 0, 0<br/>0, 0]<br/>class = 1122>, fillcolor="#7eec6a"] ;
177 -> 179 ;
180 [label=<adjust &le; 0.5<br/>gini = 0.375<br/>samples = 4<br/>value = [0, 0, 0, 0, 0, 1, 0, 0, 0, 0, 0, 0, 0, 0<br/>3, 0, 0, 0, 0, 0, 0, 0, 0, 0, 0, 0, 0, 0<br/>0, 0, 0, 0, 0, 0, 0, 0, 0, 0, 0, 0, 0, 0<br/>0, 0, 0, 0, 0, 0, 0, 0, 0, 0, 0, 0, 0, 0<br/>0, 0]<br/>class = 1122>, fillcolor="#8cee7b"] ;
179 -> 180 ;
181 [label=<under &le; 0.5<br/>gini = 0.444<br/>samples = 3<br/>value = [0, 0, 0, 0, 0, 1, 0, 0, 0, 0, 0, 0, 0, 0<br/>2, 0, 0, 0, 0, 0, 0, 0, 0, 0, 0, 0, 0, 0<br/>0, 0, 0, 0, 0, 0, 0, 0, 0, 0, 0, 0, 0, 0<br/>0, 0, 0, 0, 0, 0, 0, 0, 0, 0, 0, 0, 0, 0<br/>0, 0]<br/>class = 1122>, fillcolor="#a9f29c"] ;
180 -> 181 ;
182 [label=<bid &le; 0.5<br/>gini = 0.5<br/>samples = 2<br/>value = [0, 0, 0, 0, 0, 1, 0, 0, 0, 0, 0, 0, 0, 0<br/>1, 0, 0, 0, 0, 0, 0, 0, 0, 0, 0, 0, 0, 0<br/>0, 0, 0, 0, 0, 0, 0, 0, 0, 0, 0, 0, 0, 0<br/>0, 0, 0, 0, 0, 0, 0, 0, 0, 0, 0, 0, 0, 0<br/>0, 0]<br/>class = 111_1>, fillcolor="#ffffff"] ;
181 -> 182 ;
183 [label=<gini = 0.0<br/>samples = 1<br/>value = [0, 0, 0, 0, 0, 1, 0, 0, 0, 0, 0, 0, 0, 0<br/>0, 0, 0, 0, 0, 0, 0, 0, 0, 0, 0, 0, 0, 0<br/>0, 0, 0, 0, 0, 0, 0, 0, 0, 0, 0, 0, 0, 0<br/>0, 0, 0, 0, 0, 0, 0, 0, 0, 0, 0, 0, 0, 0<br/>0, 0]<br/>class = 111_1>, fillcolor="#e5da39"] ;
182 -> 183 ;
184 [label=<gini = 0.0<br/>samples = 1<br/>value = [0, 0, 0, 0, 0, 0, 0, 0, 0, 0, 0, 0, 0, 0<br/>1, 0, 0, 0, 0, 0, 0, 0, 0, 0, 0, 0, 0, 0<br/>0, 0, 0, 0, 0, 0, 0, 0, 0, 0, 0, 0, 0, 0<br/>0, 0, 0, 0, 0, 0, 0, 0, 0, 0, 0, 0, 0, 0<br/>0, 0]<br/>class = 1122>, fillcolor="#53e539"] ;
182 -> 184 ;
185 [label=<gini = 0.0<br/>samples = 1<br/>value = [0, 0, 0, 0, 0, 0, 0, 0, 0, 0, 0, 0, 0, 0<br/>1, 0, 0, 0, 0, 0, 0, 0, 0, 0, 0, 0, 0, 0<br/>0, 0, 0, 0, 0, 0, 0, 0, 0, 0, 0, 0, 0, 0<br/>0, 0, 0, 0, 0, 0, 0, 0, 0, 0, 0, 0, 0, 0<br/>0, 0]<br/>class = 1122>, fillcolor="#53e539"] ;
181 -> 185 ;
186 [label=<gini = 0.0<br/>samples = 1<br/>value = [0, 0, 0, 0, 0, 0, 0, 0, 0, 0, 0, 0, 0, 0<br/>1, 0, 0, 0, 0, 0, 0, 0, 0, 0, 0, 0, 0, 0<br/>0, 0, 0, 0, 0, 0, 0, 0, 0, 0, 0, 0, 0, 0<br/>0, 0, 0, 0, 0, 0, 0, 0, 0, 0, 0, 0, 0, 0<br/>0, 0]<br/>class = 1122>, fillcolor="#53e539"] ;
180 -> 186 ;
187 [label=<gini = 0.0<br/>samples = 1<br/>value = [0, 0, 0, 0, 0, 0, 0, 0, 0, 0, 0, 0, 0, 0<br/>1, 0, 0, 0, 0, 0, 0, 0, 0, 0, 0, 0, 0, 0<br/>0, 0, 0, 0, 0, 0, 0, 0, 0, 0, 0, 0, 0, 0<br/>0, 0, 0, 0, 0, 0, 0, 0, 0, 0, 0, 0, 0, 0<br/>0, 0]<br/>class = 1122>, fillcolor="#53e539"] ;
179 -> 187 ;
188 [label=<gini = 0.0<br/>samples = 1<br/>value = [0, 0, 0, 0, 0, 1, 0, 0, 0, 0, 0, 0, 0, 0<br/>0, 0, 0, 0, 0, 0, 0, 0, 0, 0, 0, 0, 0, 0<br/>0, 0, 0, 0, 0, 0, 0, 0, 0, 0, 0, 0, 0, 0<br/>0, 0, 0, 0, 0, 0, 0, 0, 0, 0, 0, 0, 0, 0<br/>0, 0]<br/>class = 111_1>, fillcolor="#e5da39"] ;
176 -> 188 ;
189 [label=<gini = 0.0<br/>samples = 1<br/>value = [0, 0, 0, 0, 0, 0, 0, 0, 0, 0, 0, 0, 0, 0<br/>0, 0, 0, 0, 0, 0, 0, 0, 0, 0, 0, 1, 0, 0<br/>0, 0, 0, 0, 0, 0, 0, 0, 0, 0, 0, 0, 0, 0<br/>0, 0, 0, 0, 0, 0, 0, 0, 0, 0, 0, 0, 0, 0<br/>0, 0]<br/>class = 131>, fillcolor="#39e5e5"] ;
175 -> 189 ;
190 [label=<gini = 0.0<br/>samples = 1<br/>value = [0, 0, 0, 0, 0, 0, 0, 0, 0, 0, 0, 0, 0, 0<br/>0, 0, 0, 0, 0, 0, 0, 0, 0, 0, 0, 1, 0, 0<br/>0, 0, 0, 0, 0, 0, 0, 0, 0, 0, 0, 0, 0, 0<br/>0, 0, 0, 0, 0, 0, 0, 0, 0, 0, 0, 0, 0, 0<br/>0, 0]<br/>class = 131>, fillcolor="#39e5e5"] ;
174 -> 190 ;
191 [label=<gini = 0.0<br/>samples = 1<br/>value = [0, 0, 0, 0, 0, 0, 0, 0, 0, 0, 0, 0, 0, 1<br/>0, 0, 0, 0, 0, 0, 0, 0, 0, 0, 0, 0, 0, 0<br/>0, 0, 0, 0, 0, 0, 0, 0, 0, 0, 0, 0, 0, 0<br/>0, 0, 0, 0, 0, 0, 0, 0, 0, 0, 0, 0, 0, 0<br/>0, 0]<br/>class = 1121>, fillcolor="#64e539"] ;
173 -> 191 ;
192 [label=<gini = 0.0<br/>samples = 2<br/>value = [0, 0, 0, 0, 0, 0, 0, 0, 0, 0, 0, 0, 0, 2<br/>0, 0, 0, 0, 0, 0, 0, 0, 0, 0, 0, 0, 0, 0<br/>0, 0, 0, 0, 0, 0, 0, 0, 0, 0, 0, 0, 0, 0<br/>0, 0, 0, 0, 0, 0, 0, 0, 0, 0, 0, 0, 0, 0<br/>0, 0]<br/>class = 1121>, fillcolor="#64e539"] ;
172 -> 192 ;
193 [label=<gini = 0.0<br/>samples = 2<br/>value = [0, 0, 0, 0, 0, 0, 0, 0, 0, 0, 0, 0, 0, 2<br/>0, 0, 0, 0, 0, 0, 0, 0, 0, 0, 0, 0, 0, 0<br/>0, 0, 0, 0, 0, 0, 0, 0, 0, 0, 0, 0, 0, 0<br/>0, 0, 0, 0, 0, 0, 0, 0, 0, 0, 0, 0, 0, 0<br/>0, 0]<br/>class = 1121>, fillcolor="#64e539"] ;
171 -> 193 ;
194 [label=<handling_fee &le; 0.5<br/>gini = 0.494<br/>samples = 9<br/>value = [0, 0, 0, 0, 0, 0, 0, 0, 0, 0, 0, 0, 0, 0<br/>0, 0, 0, 0, 0, 0, 0, 0, 0, 0, 0, 0, 0, 0<br/>0, 0, 0, 0, 0, 2, 1, 6, 0, 0, 0, 0, 0, 0<br/>0, 0, 0, 0, 0, 0, 0, 0, 0, 0, 0, 0, 0, 0<br/>0, 0]<br/>class = 134>, fillcolor="#918ef0"] ;
6 -> 194 ;
195 [label=<how_much &le; 0.5<br/>gini = 0.375<br/>samples = 8<br/>value = [0, 0, 0, 0, 0, 0, 0, 0, 0, 0, 0, 0, 0, 0<br/>0, 0, 0, 0, 0, 0, 0, 0, 0, 0, 0, 0, 0, 0<br/>0, 0, 0, 0, 0, 2, 0, 6, 0, 0, 0, 0, 0, 0<br/>0, 0, 0, 0, 0, 0, 0, 0, 0, 0, 0, 0, 0, 0<br/>0, 0]<br/>class = 134>, fillcolor="#7f7bee"] ;
194 -> 195 ;
196 [label=<quota &le; 0.5<br/>gini = 0.5<br/>samples = 4<br/>value = [0, 0, 0, 0, 0, 0, 0, 0, 0, 0, 0, 0, 0, 0<br/>0, 0, 0, 0, 0, 0, 0, 0, 0, 0, 0, 0, 0, 0<br/>0, 0, 0, 0, 0, 2, 0, 2, 0, 0, 0, 0, 0, 0<br/>0, 0, 0, 0, 0, 0, 0, 0, 0, 0, 0, 0, 0, 0<br/>0, 0]<br/>class = 133_1>, fillcolor="#ffffff"] ;
195 -> 196 ;
197 [label=<gini = 0.0<br/>samples = 2<br/>value = [0, 0, 0, 0, 0, 0, 0, 0, 0, 0, 0, 0, 0, 0<br/>0, 0, 0, 0, 0, 0, 0, 0, 0, 0, 0, 0, 0, 0<br/>0, 0, 0, 0, 0, 2, 0, 0, 0, 0, 0, 0, 0, 0<br/>0, 0, 0, 0, 0, 0, 0, 0, 0, 0, 0, 0, 0, 0<br/>0, 0]<br/>class = 133_1>, fillcolor="#3958e5"] ;
196 -> 197 ;
198 [label=<gini = 0.0<br/>samples = 2<br/>value = [0, 0, 0, 0, 0, 0, 0, 0, 0, 0, 0, 0, 0, 0<br/>0, 0, 0, 0, 0, 0, 0, 0, 0, 0, 0, 0, 0, 0<br/>0, 0, 0, 0, 0, 0, 0, 2, 0, 0, 0, 0, 0, 0<br/>0, 0, 0, 0, 0, 0, 0, 0, 0, 0, 0, 0, 0, 0<br/>0, 0]<br/>class = 134>, fillcolor="#3f39e5"] ;
196 -> 198 ;
199 [label=<gini = 0.0<br/>samples = 4<br/>value = [0, 0, 0, 0, 0, 0, 0, 0, 0, 0, 0, 0, 0, 0<br/>0, 0, 0, 0, 0, 0, 0, 0, 0, 0, 0, 0, 0, 0<br/>0, 0, 0, 0, 0, 0, 0, 4, 0, 0, 0, 0, 0, 0<br/>0, 0, 0, 0, 0, 0, 0, 0, 0, 0, 0, 0, 0, 0<br/>0, 0]<br/>class = 134>, fillcolor="#3f39e5"] ;
195 -> 199 ;
200 [label=<gini = 0.0<br/>samples = 1<br/>value = [0, 0, 0, 0, 0, 0, 0, 0, 0, 0, 0, 0, 0, 0<br/>0, 0, 0, 0, 0, 0, 0, 0, 0, 0, 0, 0, 0, 0<br/>0, 0, 0, 0, 0, 0, 1, 0, 0, 0, 0, 0, 0, 0<br/>0, 0, 0, 0, 0, 0, 0, 0, 0, 0, 0, 0, 0, 0<br/>0, 0]<br/>class = 133_3>, fillcolor="#3944e5"] ;
194 -> 200 ;
201 [label=<fax &le; 0.5<br/>gini = 0.805<br/>samples = 26<br/>value = [0, 0, 0, 0, 0, 0, 0, 0, 0, 0, 0, 0, 0, 0<br/>0, 3, 0, 0, 1, 8, 1, 4, 6, 0, 0, 0, 0, 2<br/>0, 0, 0, 0, 0, 0, 0, 0, 0, 0, 0, 0, 0, 0<br/>0, 0, 0, 0, 0, 0, 1, 0, 0, 0, 0, 0, 0, 0<br/>0, 0]<br/>class = 114_2>, fillcolor="#ebfcf2"] ;
5 -> 201 ;
202 [label=<current &le; 0.5<br/>gini = 0.76<br/>samples = 22<br/>value = [0, 0, 0, 0, 0, 0, 0, 0, 0, 0, 0, 0, 0, 0<br/>0, 3, 0, 0, 1, 8, 1, 0, 6, 0, 0, 0, 0, 2<br/>0, 0, 0, 0, 0, 0, 0, 0, 0, 0, 0, 0, 0, 0<br/>0, 0, 0, 0, 0, 0, 1, 0, 0, 0, 0, 0, 0, 0<br/>0, 0]<br/>class = 114_2>, fillcolor="#e6fcee"] ;
201 -> 202 ;
203 [label=<installment &le; 0.5<br/>gini = 0.704<br/>samples = 19<br/>value = [0, 0, 0, 0, 0, 0, 0, 0, 0, 0, 0, 0, 0, 0<br/>0, 0, 0, 0, 1, 8, 1, 0, 6, 0, 0, 0, 0, 2<br/>0, 0, 0, 0, 0, 0, 0, 0, 0, 0, 0, 0, 0, 0<br/>0, 0, 0, 0, 0, 0, 1, 0, 0, 0, 0, 0, 0, 0<br/>0, 0]<br/>class = 114_2>, fillcolor="#e1fbea"] ;
202 -> 203 ;
204 [label=<mobile &le; 0.5<br/>gini = 0.644<br/>samples = 17<br/>value = [0, 0, 0, 0, 0, 0, 0, 0, 0, 0, 0, 0, 0, 0<br/>0, 0, 0, 0, 1, 8, 1, 0, 6, 0, 0, 0, 0, 0<br/>0, 0, 0, 0, 0, 0, 0, 0, 0, 0, 0, 0, 0, 0<br/>0, 0, 0, 0, 0, 0, 1, 0, 0, 0, 0, 0, 0, 0<br/>0, 0]<br/>class = 114_2>, fillcolor="#dbfae6"] ;
203 -> 204 ;
205 [label=<sms &le; 0.5<br/>gini = 0.675<br/>samples = 13<br/>value = [0, 0, 0, 0, 0, 0, 0, 0, 0, 0, 0, 0, 0, 0<br/>0, 0, 0, 0, 1, 4, 1, 0, 6, 0, 0, 0, 0, 0<br/>0, 0, 0, 0, 0, 0, 0, 0, 0, 0, 0, 0, 0, 0<br/>0, 0, 0, 0, 0, 0, 1, 0, 0, 0, 0, 0, 0, 0<br/>0, 0]<br/>class = 118>, fillcolor="#d3f9ed"] ;
204 -> 205 ;
206 [label=<pay &le; 0.5<br/>gini = 0.519<br/>samples = 9<br/>value = [0, 0, 0, 0, 0, 0, 0, 0, 0, 0, 0, 0, 0, 0<br/>0, 0, 0, 0, 1, 0, 1, 0, 6, 0, 0, 0, 0, 0<br/>0, 0, 0, 0, 0, 0, 0, 0, 0, 0, 0, 0, 0, 0<br/>0, 0, 0, 0, 0, 0, 1, 0, 0, 0, 0, 0, 0, 0<br/>0, 0]<br/>class = 118>, fillcolor="#83efcc"] ;
205 -> 206 ;
207 [label=<email &le; 0.5<br/>gini = 0.406<br/>samples = 8<br/>value = [0, 0, 0, 0, 0, 0, 0, 0, 0, 0, 0, 0, 0, 0<br/>0, 0, 0, 0, 1, 0, 0, 0, 6, 0, 0, 0, 0, 0<br/>0, 0, 0, 0, 0, 0, 0, 0, 0, 0, 0, 0, 0, 0<br/>0, 0, 0, 0, 0, 0, 1, 0, 0, 0, 0, 0, 0, 0<br/>0, 0]<br/>class = 118>, fillcolor="#72ecc5"] ;
206 -> 207 ;
208 [label=<check &le; 0.5<br/>gini = 0.245<br/>samples = 7<br/>value = [0, 0, 0, 0, 0, 0, 0, 0, 0, 0, 0, 0, 0, 0<br/>0, 0, 0, 0, 0, 0, 0, 0, 6, 0, 0, 0, 0, 0<br/>0, 0, 0, 0, 0, 0, 0, 0, 0, 0, 0, 0, 0, 0<br/>0, 0, 0, 0, 0, 0, 1, 0, 0, 0, 0, 0, 0, 0<br/>0, 0]<br/>class = 118>, fillcolor="#5ae9bc"] ;
207 -> 208 ;
209 [label=<gini = 0.0<br/>samples = 6<br/>value = [0, 0, 0, 0, 0, 0, 0, 0, 0, 0, 0, 0, 0, 0<br/>0, 0, 0, 0, 0, 0, 0, 0, 6, 0, 0, 0, 0, 0<br/>0, 0, 0, 0, 0, 0, 0, 0, 0, 0, 0, 0, 0, 0<br/>0, 0, 0, 0, 0, 0, 0, 0, 0, 0, 0, 0, 0, 0<br/>0, 0]<br/>class = 118>, fillcolor="#39e5ae"] ;
208 -> 209 ;
210 [label=<gini = 0.0<br/>samples = 1<br/>value = [0, 0, 0, 0, 0, 0, 0, 0, 0, 0, 0, 0, 0, 0<br/>0, 0, 0, 0, 0, 0, 0, 0, 0, 0, 0, 0, 0, 0<br/>0, 0, 0, 0, 0, 0, 0, 0, 0, 0, 0, 0, 0, 0<br/>0, 0, 0, 0, 0, 0, 1, 0, 0, 0, 0, 0, 0, 0<br/>0, 0]<br/>class = 213>, fillcolor="#e539a6"] ;
208 -> 210 ;
211 [label=<gini = 0.0<br/>samples = 1<br/>value = [0, 0, 0, 0, 0, 0, 0, 0, 0, 0, 0, 0, 0, 0<br/>0, 0, 0, 0, 1, 0, 0, 0, 0, 0, 0, 0, 0, 0<br/>0, 0, 0, 0, 0, 0, 0, 0, 0, 0, 0, 0, 0, 0<br/>0, 0, 0, 0, 0, 0, 0, 0, 0, 0, 0, 0, 0, 0<br/>0, 0]<br/>class = 114_1>, fillcolor="#39e567"] ;
207 -> 211 ;
212 [label=<gini = 0.0<br/>samples = 1<br/>value = [0, 0, 0, 0, 0, 0, 0, 0, 0, 0, 0, 0, 0, 0<br/>0, 0, 0, 0, 0, 0, 1, 0, 0, 0, 0, 0, 0, 0<br/>0, 0, 0, 0, 0, 0, 0, 0, 0, 0, 0, 0, 0, 0<br/>0, 0, 0, 0, 0, 0, 0, 0, 0, 0, 0, 0, 0, 0<br/>0, 0]<br/>class = 116>, fillcolor="#39e58c"] ;
206 -> 212 ;
213 [label=<gini = 0.0<br/>samples = 4<br/>value = [0, 0, 0, 0, 0, 0, 0, 0, 0, 0, 0, 0, 0, 0<br/>0, 0, 0, 0, 0, 4, 0, 0, 0, 0, 0, 0, 0, 0<br/>0, 0, 0, 0, 0, 0, 0, 0, 0, 0, 0, 0, 0, 0<br/>0, 0, 0, 0, 0, 0, 0, 0, 0, 0, 0, 0, 0, 0<br/>0, 0]<br/>class = 114_2>, fillcolor="#39e578"] ;
205 -> 213 ;
214 [label=<gini = 0.0<br/>samples = 4<br/>value = [0, 0, 0, 0, 0, 0, 0, 0, 0, 0, 0, 0, 0, 0<br/>0, 0, 0, 0, 0, 4, 0, 0, 0, 0, 0, 0, 0, 0<br/>0, 0, 0, 0, 0, 0, 0, 0, 0, 0, 0, 0, 0, 0<br/>0, 0, 0, 0, 0, 0, 0, 0, 0, 0, 0, 0, 0, 0<br/>0, 0]<br/>class = 114_2>, fillcolor="#39e578"] ;
204 -> 214 ;
215 [label=<gini = 0.0<br/>samples = 2<br/>value = [0, 0, 0, 0, 0, 0, 0, 0, 0, 0, 0, 0, 0, 0<br/>0, 0, 0, 0, 0, 0, 0, 0, 0, 0, 0, 0, 0, 2<br/>0, 0, 0, 0, 0, 0, 0, 0, 0, 0, 0, 0, 0, 0<br/>0, 0, 0, 0, 0, 0, 0, 0, 0, 0, 0, 0, 0, 0<br/>0, 0]<br/>class = 132_2>, fillcolor="#39c3e5"] ;
203 -> 215 ;
216 [label=<gini = 0.0<br/>samples = 3<br/>value = [0, 0, 0, 0, 0, 0, 0, 0, 0, 0, 0, 0, 0, 0<br/>0, 3, 0, 0, 0, 0, 0, 0, 0, 0, 0, 0, 0, 0<br/>0, 0, 0, 0, 0, 0, 0, 0, 0, 0, 0, 0, 0, 0<br/>0, 0, 0, 0, 0, 0, 0, 0, 0, 0, 0, 0, 0, 0<br/>0, 0]<br/>class = 113_1>, fillcolor="#3fe539"] ;
202 -> 216 ;
217 [label=<gini = 0.0<br/>samples = 4<br/>value = [0, 0, 0, 0, 0, 0, 0, 0, 0, 0, 0, 0, 0, 0<br/>0, 0, 0, 0, 0, 0, 0, 4, 0, 0, 0, 0, 0, 0<br/>0, 0, 0, 0, 0, 0, 0, 0, 0, 0, 0, 0, 0, 0<br/>0, 0, 0, 0, 0, 0, 0, 0, 0, 0, 0, 0, 0, 0<br/>0, 0]<br/>class = 117>, fillcolor="#39e59d"] ;
201 -> 217 ;
218 [label=<gini = 0.0<br/>samples = 5<br/>value = [0, 0, 0, 0, 0, 0, 0, 0, 0, 0, 0, 0, 0, 0<br/>0, 0, 0, 0, 5, 0, 0, 0, 0, 0, 0, 0, 0, 0<br/>0, 0, 0, 0, 0, 0, 0, 0, 0, 0, 0, 0, 0, 0<br/>0, 0, 0, 0, 0, 0, 0, 0, 0, 0, 0, 0, 0, 0<br/>0, 0]<br/>class = 114_1>, fillcolor="#39e567"] ;
4 -> 218 ;
219 [label=<gini = 0.0<br/>samples = 5<br/>value = [0, 0, 0, 0, 0, 0, 0, 0, 0, 0, 0, 0, 0, 0<br/>0, 0, 0, 0, 0, 0, 0, 0, 0, 5, 0, 0, 0, 0<br/>0, 0, 0, 0, 0, 0, 0, 0, 0, 0, 0, 0, 0, 0<br/>0, 0, 0, 0, 0, 0, 0, 0, 0, 0, 0, 0, 0, 0<br/>0, 0]<br/>class = 121>, fillcolor="#39e5c0"] ;
3 -> 219 ;
220 [label=<gini = 0.0<br/>samples = 5<br/>value = [0, 0, 0, 0, 0, 0, 0, 0, 0, 0, 0, 0, 0, 0<br/>0, 0, 0, 0, 0, 0, 0, 0, 0, 0, 0, 0, 0, 0<br/>0, 0, 0, 0, 0, 0, 0, 0, 0, 0, 0, 0, 0, 0<br/>0, 0, 0, 0, 0, 0, 0, 0, 0, 0, 5, 0, 0, 0<br/>0, 0]<br/>class = 224>, fillcolor="#e5395e"] ;
2 -> 220 ;
221 [label=<voice &le; 0.5<br/>gini = 0.32<br/>samples = 10<br/>value = [0, 0, 0, 0, 0, 0, 0, 0, 0, 0, 0, 0, 0, 0<br/>0, 0, 0, 0, 0, 0, 0, 0, 0, 0, 0, 0, 0, 0<br/>0, 0, 0, 0, 0, 0, 0, 0, 8, 0, 0, 0, 0, 0<br/>0, 0, 0, 0, 0, 0, 0, 0, 0, 0, 0, 2, 0, 0<br/>0, 0]<br/>class = 136>, fillcolor="#7c6aec"] ;
1 -> 221 ;
222 [label=<gini = 0.0<br/>samples = 8<br/>value = [0, 0, 0, 0, 0, 0, 0, 0, 0, 0, 0, 0, 0, 0<br/>0, 0, 0, 0, 0, 0, 0, 0, 0, 0, 0, 0, 0, 0<br/>0, 0, 0, 0, 0, 0, 0, 0, 8, 0, 0, 0, 0, 0<br/>0, 0, 0, 0, 0, 0, 0, 0, 0, 0, 0, 0, 0, 0<br/>0, 0]<br/>class = 136>, fillcolor="#5039e5"] ;
221 -> 222 ;
223 [label=<gini = 0.0<br/>samples = 2<br/>value = [0, 0, 0, 0, 0, 0, 0, 0, 0, 0, 0, 0, 0, 0<br/>0, 0, 0, 0, 0, 0, 0, 0, 0, 0, 0, 0, 0, 0<br/>0, 0, 0, 0, 0, 0, 0, 0, 0, 0, 0, 0, 0, 0<br/>0, 0, 0, 0, 0, 0, 0, 0, 0, 0, 0, 2, 0, 0<br/>0, 0]<br/>class = 235>, fillcolor="#e5394d"] ;
221 -> 223 ;
224 [label=<installment &le; 0.5<br/>gini = 0.379<br/>samples = 13<br/>value = [0, 0, 0, 0, 0, 0, 0, 0, 0, 0, 0, 0, 0, 10<br/>0, 0, 0, 0, 0, 0, 0, 0, 0, 0, 0, 0, 0, 1<br/>0, 0, 0, 0, 0, 0, 0, 0, 0, 0, 0, 0, 0, 0<br/>0, 0, 0, 0, 2, 0, 0, 0, 0, 0, 0, 0, 0, 0<br/>0, 0]<br/>class = 1121>, fillcolor="#8eec6f"] ;
0 -> 224 [labeldistance=2.5, labelangle=-45, headlabel="False"] ;
225 [label=<deposit &le; 0.5<br/>gini = 0.278<br/>samples = 12<br/>value = [0, 0, 0, 0, 0, 0, 0, 0, 0, 0, 0, 0, 0, 10<br/>0, 0, 0, 0, 0, 0, 0, 0, 0, 0, 0, 0, 0, 0<br/>0, 0, 0, 0, 0, 0, 0, 0, 0, 0, 0, 0, 0, 0<br/>0, 0, 0, 0, 2, 0, 0, 0, 0, 0, 0, 0, 0, 0<br/>0, 0]<br/>class = 1121>, fillcolor="#83ea61"] ;
224 -> 225 ;
226 [label=<account &le; 0.5<br/>gini = 0.165<br/>samples = 11<br/>value = [0, 0, 0, 0, 0, 0, 0, 0, 0, 0, 0, 0, 0, 10<br/>0, 0, 0, 0, 0, 0, 0, 0, 0, 0, 0, 0, 0, 0<br/>0, 0, 0, 0, 0, 0, 0, 0, 0, 0, 0, 0, 0, 0<br/>0, 0, 0, 0, 1, 0, 0, 0, 0, 0, 0, 0, 0, 0<br/>0, 0]<br/>class = 1121>, fillcolor="#74e84d"] ;
225 -> 226 ;
227 [label=<gini = 0.0<br/>samples = 10<br/>value = [0, 0, 0, 0, 0, 0, 0, 0, 0, 0, 0, 0, 0, 10<br/>0, 0, 0, 0, 0, 0, 0, 0, 0, 0, 0, 0, 0, 0<br/>0, 0, 0, 0, 0, 0, 0, 0, 0, 0, 0, 0, 0, 0<br/>0, 0, 0, 0, 0, 0, 0, 0, 0, 0, 0, 0, 0, 0<br/>0, 0]<br/>class = 1121>, fillcolor="#64e539"] ;
226 -> 227 ;
228 [label=<gini = 0.0<br/>samples = 1<br/>value = [0, 0, 0, 0, 0, 0, 0, 0, 0, 0, 0, 0, 0, 0<br/>0, 0, 0, 0, 0, 0, 0, 0, 0, 0, 0, 0, 0, 0<br/>0, 0, 0, 0, 0, 0, 0, 0, 0, 0, 0, 0, 0, 0<br/>0, 0, 0, 0, 1, 0, 0, 0, 0, 0, 0, 0, 0, 0<br/>0, 0]<br/>class = 211>, fillcolor="#e539c8"] ;
226 -> 228 ;
229 [label=<gini = 0.0<br/>samples = 1<br/>value = [0, 0, 0, 0, 0, 0, 0, 0, 0, 0, 0, 0, 0, 0<br/>0, 0, 0, 0, 0, 0, 0, 0, 0, 0, 0, 0, 0, 0<br/>0, 0, 0, 0, 0, 0, 0, 0, 0, 0, 0, 0, 0, 0<br/>0, 0, 0, 0, 1, 0, 0, 0, 0, 0, 0, 0, 0, 0<br/>0, 0]<br/>class = 211>, fillcolor="#e539c8"] ;
225 -> 229 ;
230 [label=<gini = 0.0<br/>samples = 1<br/>value = [0, 0, 0, 0, 0, 0, 0, 0, 0, 0, 0, 0, 0, 0<br/>0, 0, 0, 0, 0, 0, 0, 0, 0, 0, 0, 0, 0, 1<br/>0, 0, 0, 0, 0, 0, 0, 0, 0, 0, 0, 0, 0, 0<br/>0, 0, 0, 0, 0, 0, 0, 0, 0, 0, 0, 0, 0, 0<br/>0, 0]<br/>class = 132_2>, fillcolor="#39c3e5"] ;
224 -> 230 ;
}
