488.394
475.039
474.160
473.978
473.936
473.869
473.814
473.801
473.843
 473.863
 473.828
 473.823
 473.764
 473.759
 473.786
 473.811
 473.782
 473.751
 473.781
 473.778
 473.719
 473.720
 473.747
 473.775
 473.831
 473.745
 473.830
 473.744
 473.772
 473.743
 473.800
 473.800
 473.771
 473.771
 473.771
 473.742
 473.742
 473.798
 473.770
 473.798
 473.770
 473.798
 473.770
 473.769
 473.741
 473.826
 473.798
 473.769
 473.741
 473.797
 473.684
 473.655
 473.769
 473.684
 473.826
 473.712
 473.769
 473.740
 473.712
 473.712
 473.740
 473.740
 473.740
 473.797
 473.712
 473.768
 473.740
 473.740
 473.768
 473.768
 473.740
 473.768
 473.768
 473.740
 473.683
 473.740
 473.825
 473.768
 473.655
 473.768
 473.797
 473.797
 473.797
 473.740
 473.768
 473.825
 473.797
 473.768
 473.768
 473.825
 473.740
 473.797
 473.797
 473.711
 473.683
 473.768
 473.768
 473.740
 473.711
 473.768